(1)  9 ≥ 
	[2, 1, 0, 0, 0, 0, 0]
	[1, 0, 1, 1, 0, 0, 0]
	[0, 1, 2, 0, 0, 0, 0]
	[0, 1, 0, 1, 1, 0, 0]
	[0, 0, 0, 0, 2, 0, 0]
	[0, 0, 0, 0, 0, 2, 0]
	[0, 0, 0, 0, 0, 0, 2]

(2)  14 ≥ 
	[3, 1, 0, 0, 0, 0, 0]
	[2, 0, 2, 1, 1, 1, 1]
	[1, 1, 2, 2, 1, 1, 0]
	[0, 2, 2, 0, 0, 0, 1]
	[0, 0, 0, 3, 0, 0, 1]
	[0, 0, 0, 0, 3, 0, 0]
	[0, 0, 0, 0, 0, 3, 0]

(3)  14 ≥ 
	[3, 1, 1, 0, 0, 0, 0]
	[2, 1, 0, 2, 1, 1, 1]
	[2, 0, 1, 1, 2, 1, 1]
	[0, 2, 0, 0, 2, 0, 0]
	[0, 0, 1, 3, 0, 0, 0]
	[0, 0, 0, 0, 0, 3, 0]
	[0, 0, 0, 0, 0, 0, 3]

(4)  10 ≥ 
	[2, 1, 1, 0, 0, 0, 0]
	[2, 0, 0, 1, 1, 0, 0]
	[1, 1, 1, 1, 1, 1, 1]
	[0, 2, 0, 1, 0, 0, 0]
	[0, 0, 2, 0, 1, 0, 0]
	[0, 0, 0, 0, 0, 2, 0]
	[0, 0, 0, 0, 0, 0, 2]

(5)  14 ≥ 
	[3, 1, 1, 0, 0, 0, 0]
	[2, 0, 0, 2, 1, 0, 0]
	[1, 3, 0, 0, 1, 0, 0]
	[0, 2, 1, 2, 0, 0, 0]
	[0, 0, 1, 0, 3, 0, 0]
	[0, 0, 0, 0, 0, 3, 0]
	[0, 0, 0, 0, 0, 0, 3]

(6)  10 ≥ 
	[2, 2, 0, 0, 0, 0, 0]
	[2, 0, 1, 1, 0, 0, 0]
	[1, 1, 2, 0, 0, 0, 0]
	[0, 2, 1, 1, 0, 0, 0]
	[0, 0, 0, 0, 2, 0, 0]
	[0, 0, 0, 0, 0, 2, 0]
	[0, 0, 0, 0, 0, 0, 2]

(7)  10 ≥ 
	[2, 1, 1, 0, 0, 0, 0]
	[2, 0, 0, 1, 0, 0, 0]
	[1, 2, 0, 0, 1, 0, 0]
	[0, 2, 1, 1, 0, 0, 0]
	[0, 0, 1, 0, 2, 0, 0]
	[0, 0, 0, 0, 0, 2, 0]
	[0, 0, 0, 0, 0, 0, 2]

(8)  10 ≥ 
	[2, 1, 1, 0, 0, 0, 0]
	[2, 0, 0, 1, 1, 0, 0]
	[1, 2, 0, 1, 0, 0, 0]
	[0, 2, 0, 0, 1, 0, 0]
	[0, 0, 2, 1, 0, 0, 0]
	[0, 0, 0, 0, 0, 2, 0]
	[0, 0, 0, 0, 0, 0, 2]

(9)  16 ≥ 
	[4, 0, 0, 0, 0, 0, 0]
	[2, 2, 2, 2, 1, 1, 0]
	[1, 1, 1, 1, 3, 0, 0]
	[0, 4, 0, 0, 0, 0, 0]
	[0, 0, 4, 0, 0, 0, 0]
	[0, 0, 0, 4, 0, 0, 0]
	[0, 0, 0, 0, 1, 3, 0]

(10)  9 ≥ 
	[2, 1, 0, 0, 0, 0, 0]
	[2, 0, 1, 0, 0, 0, 0]
	[1, 0, 0, 2, 0, 0, 0]
	[0, 1, 1, 1, 0, 0, 0]
	[0, 0, 0, 0, 2, 0, 0]
	[0, 0, 0, 0, 0, 2, 0]
	[0, 0, 0, 0, 0, 0, 2]

(11)  13 ≥ 
	[3, 1, 0, 0, 0, 0, 0]
	[2, 0, 2, 1, 1, 1, 0]
	[1, 1, 1, 2, 1, 0, 1]
	[0, 1, 3, 0, 0, 0, 0]
	[0, 0, 0, 3, 0, 0, 0]
	[0, 0, 0, 0, 3, 0, 0]
	[0, 0, 0, 0, 0, 1, 2]

(12)  10 ≥ 
	[2, 2, 0, 0, 0, 0, 0]
	[2, 0, 2, 0, 0, 0, 0]
	[1, 1, 1, 1, 1, 1, 0]
	[0, 2, 2, 0, 0, 0, 0]
	[0, 0, 0, 2, 0, 0, 0]
	[0, 0, 0, 0, 2, 0, 0]
	[0, 0, 0, 0, 0, 2, 0]

(13)  19 ≥ 
	[4, 2, 1, 0, 0, 0, 0]
	[3, 0, 0, 3, 1, 0, 0]
	[1, 4, 0, 1, 1, 0, 0]
	[0, 2, 1, 4, 0, 0, 0]
	[0, 0, 1, 0, 4, 0, 0]
	[0, 0, 0, 0, 0, 4, 0]
	[0, 0, 0, 0, 0, 0, 4]

(14)  9 ≥ 
	[2, 1, 0, 0, 0, 0, 0]
	[1, 1, 1, 1, 1, 1, 0]
	[1, 0, 1, 0, 0, 0, 1]
	[0, 2, 1, 0, 0, 0, 0]
	[0, 0, 0, 2, 0, 0, 0]
	[0, 0, 0, 0, 2, 0, 0]
	[0, 0, 0, 0, 0, 2, 0]

(15)  15 ≥ 
	[3, 2, 1, 0, 0, 0, 0]
	[3, 0, 0, 2, 1, 0, 0]
	[2, 1, 2, 2, 0, 1, 1]
	[0, 3, 0, 2, 0, 0, 0]
	[0, 0, 2, 0, 2, 0, 0]
	[0, 0, 0, 0, 0, 3, 0]
	[0, 0, 0, 0, 0, 0, 3]

(16)  15 ≥ 
	[3, 3, 0, 0, 0, 0, 0]
	[3, 0, 3, 0, 0, 0, 0]
	[2, 2, 2, 1, 1, 1, 0]
	[0, 3, 3, 0, 0, 0, 0]
	[0, 0, 0, 3, 0, 0, 0]
	[0, 0, 0, 0, 3, 0, 0]
	[0, 0, 0, 0, 0, 3, 0]

(17)  14 ≥ 
	[3, 1, 0, 0, 0, 0, 0]
	[2, 0, 2, 1, 1, 1, 1]
	[1, 1, 1, 2, 2, 1, 0]
	[0, 1, 3, 0, 0, 0, 0]
	[0, 0, 0, 3, 0, 0, 1]
	[0, 0, 0, 0, 3, 0, 1]
	[0, 0, 0, 0, 0, 3, 0]

(18)  12 ≥ 
	[3, 0, 0, 0, 0, 0, 0]
	[2, 1, 1, 1, 1, 0, 0]
	[1, 2, 1, 0, 0, 1, 1]
	[0, 3, 0, 0, 0, 0, 0]
	[0, 0, 3, 0, 0, 0, 0]
	[0, 0, 0, 2, 0, 1, 0]
	[0, 0, 0, 0, 2, 0, 1]

(19)  13 ≥ 
	[3, 1, 0, 0, 0, 0, 0]
	[2, 0, 2, 1, 1, 1, 0]
	[1, 1, 1, 2, 1, 0, 1]
	[0, 2, 2, 0, 0, 0, 0]
	[0, 0, 0, 3, 0, 0, 0]
	[0, 0, 0, 0, 3, 0, 0]
	[0, 0, 0, 0, 0, 1, 2]

(20)  12 ≥ 
	[3, 0, 0, 0, 0, 0, 0]
	[2, 1, 1, 1, 1, 0, 0]
	[2, 1, 1, 0, 0, 1, 1]
	[0, 3, 0, 0, 0, 0, 0]
	[0, 0, 3, 0, 0, 0, 0]
	[0, 0, 0, 1, 0, 2, 0]
	[0, 0, 0, 0, 1, 0, 2]

(21)  12 ≥ 
	[3, 0, 0, 0, 0, 0, 0]
	[2, 1, 1, 1, 1, 0, 0]
	[1, 2, 1, 0, 0, 1, 1]
	[0, 3, 0, 0, 0, 0, 0]
	[0, 0, 3, 0, 0, 0, 0]
	[0, 0, 0, 1, 0, 2, 0]
	[0, 0, 0, 0, 1, 0, 2]

(22)  18 ≥ 
	[4, 2, 0, 0, 0, 0, 0]
	[3, 0, 3, 1, 1, 1, 0]
	[2, 2, 2, 2, 2, 1, 1]
	[0, 2, 4, 0, 0, 0, 0]
	[0, 0, 0, 4, 0, 0, 0]
	[0, 0, 0, 0, 4, 0, 0]
	[0, 0, 0, 0, 0, 3, 1]

(23)  16 ≥ 
	[4, 0, 0, 0, 0, 0, 0]
	[2, 2, 2, 1, 1, 1, 1]
	[1, 1, 1, 3, 1, 0, 0]
	[0, 4, 0, 0, 0, 0, 0]
	[0, 0, 4, 0, 0, 0, 0]
	[0, 0, 0, 1, 0, 3, 0]
	[0, 0, 0, 0, 3, 0, 1]

(24)  16 ≥ 
	[4, 0, 0, 0, 0, 0, 0]
	[2, 2, 2, 1, 1, 1, 1]
	[1, 1, 1, 3, 1, 0, 0]
	[0, 4, 0, 0, 0, 0, 0]
	[0, 0, 4, 0, 0, 0, 0]
	[0, 0, 0, 1, 0, 3, 0]
	[0, 0, 0, 0, 1, 0, 3]

(25)  12 ≥ 
	[3, 0, 0, 0, 0, 0, 0]
	[2, 1, 1, 1, 1, 0, 0]
	[2, 1, 1, 0, 0, 1, 1]
	[0, 3, 0, 0, 0, 0, 0]
	[0, 0, 3, 0, 0, 0, 0]
	[0, 0, 0, 2, 0, 1, 0]
	[0, 0, 0, 0, 1, 0, 2]

(26)  18 ≥ 
	[4, 2, 0, 0, 0, 0, 0]
	[3, 0, 3, 1, 1, 1, 0]
	[2, 2, 2, 2, 2, 2, 0]
	[0, 3, 3, 0, 0, 0, 0]
	[0, 0, 0, 4, 0, 0, 0]
	[0, 0, 0, 0, 4, 0, 0]
	[0, 0, 0, 0, 0, 2, 2]

(27)  10 ≥ 
	[2, 1, 1, 0, 0, 0, 0]
	[2, 0, 0, 1, 1, 0, 0]
	[1, 2, 0, 1, 0, 0, 0]
	[0, 1, 0, 0, 2, 0, 0]
	[0, 0, 2, 1, 0, 0, 0]
	[0, 0, 0, 0, 0, 2, 0]
	[0, 0, 0, 0, 0, 0, 2]

(28)  10 ≥ 
	[2, 1, 1, 0, 0, 0, 0]
	[2, 0, 0, 1, 1, 0, 0]
	[1, 1, 1, 1, 1, 1, 1]
	[0, 2, 0, 1, 0, 0, 0]
	[0, 0, 1, 0, 2, 0, 0]
	[0, 0, 0, 0, 0, 2, 0]
	[0, 0, 0, 0, 0, 0, 2]

(29)  13 ≥ 
	[3, 1, 0, 0, 0, 0, 0]
	[2, 0, 2, 1, 1, 1, 0]
	[1, 1, 1, 2, 1, 1, 0]
	[0, 2, 2, 0, 0, 0, 0]
	[0, 0, 0, 1, 0, 0, 2]
	[0, 0, 0, 0, 3, 0, 0]
	[0, 0, 0, 0, 0, 3, 0]

(30)  12 ≥ 
	[3, 0, 0, 0, 0, 0, 0]
	[1, 1, 1, 1, 1, 1, 0]
	[0, 3, 0, 0, 0, 0, 0]
	[0, 0, 3, 0, 0, 0, 0]
	[0, 0, 0, 3, 0, 0, 0]
	[0, 0, 0, 0, 3, 0, 0]
	[0, 0, 0, 0, 0, 1, 2]

(31)  11 ≥ 
	[2, 2, 1, 0, 0, 0, 0]
	[2, 1, 0, 1, 1, 0, 0]
	[2, 0, 1, 2, 0, 0, 0]
	[0, 2, 0, 2, 0, 0, 0]
	[0, 0, 2, 0, 1, 0, 0]
	[0, 0, 0, 0, 0, 2, 0]
	[0, 0, 0, 0, 0, 0, 2]

(32)  18 ≥ 
	[4, 0, 0, 0, 0, 0, 0]
	[1, 3, 3, 1, 1, 0, 0]
	[0, 3, 0, 0, 0, 3, 0]
	[0, 2, 1, 0, 0, 0, 3]
	[0, 0, 3, 0, 0, 2, 1]
	[0, 0, 0, 4, 0, 0, 0]
	[0, 0, 0, 0, 4, 0, 0]

(33)  6 ≥ 
	[1, 1, 1, 0, 0, 0, 0]
	[1, 1, 0, 1, 0, 0, 0]
	[1, 0, 0, 0, 1, 0, 0]
	[0, 1, 0, 0, 1, 0, 0]
	[0, 0, 1, 1, 0, 0, 0]
	[0, 0, 0, 0, 0, 1, 0]
	[0, 0, 0, 0, 0, 0, 1]

(34)  19 ≥ 
	[4, 2, 0, 0, 0, 0, 0]
	[2, 0, 4, 0, 0, 0, 0]
	[2, 0, 0, 3, 2, 0, 0]
	[0, 2, 2, 3, 0, 0, 0]
	[0, 1, 1, 0, 4, 0, 0]
	[0, 0, 0, 0, 0, 4, 0]
	[0, 0, 0, 0, 0, 0, 4]

(35)  4 ≥ 
	[1, 0, 0, 0, 0, 0, 0]
	[1, 0, 0, 0, 0, 0, 0]
	[0, 1, 0, 0, 0, 0, 0]
	[0, 0, 1, 0, 0, 0, 0]
	[0, 0, 0, 1, 0, 0, 0]
	[0, 0, 0, 0, 1, 0, 0]
	[0, 0, 0, 0, 0, 1, 0]

(36)  14 ≥ 
	[3, 2, 0, 0, 0, 0, 0]
	[2, 0, 2, 1, 0, 0, 0]
	[1, 0, 0, 0, 3, 0, 0]
	[0, 2, 2, 0, 1, 0, 0]
	[0, 1, 0, 3, 0, 0, 0]
	[0, 0, 0, 0, 0, 3, 0]
	[0, 0, 0, 0, 0, 0, 3]

(37)  10 ≥ 
	[2, 1, 1, 0, 0, 0, 0]
	[2, 0, 0, 1, 0, 0, 0]
	[1, 2, 0, 0, 1, 0, 0]
	[0, 2, 1, 1, 0, 0, 0]
	[0, 0, 2, 0, 1, 0, 0]
	[0, 0, 0, 0, 0, 2, 0]
	[0, 0, 0, 0, 0, 0, 2]

(38)  13 ≥ 
	[3, 1, 0, 0, 0, 0, 0]
	[2, 0, 2, 1, 1, 1, 0]
	[1, 1, 1, 2, 1, 1, 0]
	[0, 2, 2, 0, 0, 0, 0]
	[0, 0, 0, 3, 0, 0, 0]
	[0, 0, 0, 0, 3, 0, 0]
	[0, 0, 0, 0, 0, 1, 2]

(39)  16 ≥ 
	[4, 0, 0, 0, 0, 0, 0]
	[2, 2, 2, 2, 1, 1, 0]
	[1, 1, 1, 1, 3, 0, 0]
	[0, 4, 0, 0, 0, 0, 0]
	[0, 0, 4, 0, 0, 0, 0]
	[0, 0, 0, 2, 0, 0, 2]
	[0, 0, 0, 0, 1, 3, 0]

(40)  10 ≥ 
	[2, 2, 0, 0, 0, 0, 0]
	[2, 0, 2, 0, 0, 0, 0]
	[1, 1, 1, 1, 0, 0, 0]
	[0, 2, 2, 0, 0, 0, 0]
	[0, 0, 0, 0, 2, 0, 0]
	[0, 0, 0, 0, 0, 2, 0]
	[0, 0, 0, 0, 0, 0, 2]

(41)  16 ≥ 
	[4, 0, 0, 0, 0, 0, 0]
	[2, 2, 2, 2, 2, 0, 0]
	[1, 1, 1, 1, 1, 2, 0]
	[0, 4, 0, 0, 0, 0, 0]
	[0, 0, 4, 0, 0, 0, 0]
	[0, 0, 0, 4, 0, 0, 0]
	[0, 0, 0, 0, 4, 0, 0]

(42)  18 ≥ 
	[4, 2, 0, 0, 0, 0, 0]
	[3, 0, 3, 1, 1, 1, 0]
	[2, 0, 1, 0, 0, 0, 3]
	[0, 2, 3, 0, 0, 0, 1]
	[0, 0, 0, 4, 0, 0, 0]
	[0, 0, 0, 0, 4, 0, 0]
	[0, 0, 0, 0, 0, 4, 0]

(43)  16 ≥ 
	[4, 0, 0, 0, 0, 0, 0]
	[2, 2, 2, 2, 1, 1, 0]
	[1, 1, 1, 1, 3, 0, 0]
	[0, 4, 0, 0, 0, 0, 0]
	[0, 0, 4, 0, 0, 0, 0]
	[0, 0, 0, 4, 0, 0, 0]
	[0, 0, 0, 0, 1, 1, 2]

(44)  18 ≥ 
	[4, 2, 0, 0, 0, 0, 0]
	[3, 0, 2, 1, 1, 1, 1]
	[2, 2, 2, 2, 2, 2, 0]
	[0, 3, 2, 0, 0, 0, 1]
	[0, 0, 0, 4, 0, 0, 0]
	[0, 0, 0, 0, 4, 0, 0]
	[0, 0, 0, 0, 0, 4, 0]

(45)  9 ≥ 
	[2, 1, 0, 0, 0, 0, 0]
	[1, 0, 2, 0, 0, 0, 0]
	[1, 0, 0, 1, 1, 0, 0]
	[0, 1, 1, 1, 0, 0, 0]
	[0, 0, 0, 0, 2, 0, 0]
	[0, 0, 0, 0, 0, 2, 0]
	[0, 0, 0, 0, 0, 0, 2]

(46)  13 ≥ 
	[3, 1, 0, 0, 0, 0, 0]
	[2, 0, 2, 1, 1, 1, 0]
	[1, 2, 1, 1, 1, 1, 0]
	[0, 1, 3, 0, 0, 0, 0]
	[0, 0, 0, 3, 0, 0, 0]
	[0, 0, 0, 0, 3, 0, 0]
	[0, 0, 0, 0, 0, 1, 2]

(47)  13 ≥ 
	[3, 1, 0, 0, 0, 0, 0]
	[2, 0, 1, 1, 1, 1, 1]
	[1, 0, 3, 0, 0, 0, 0]
	[0, 1, 1, 2, 0, 0, 0]
	[0, 0, 0, 0, 3, 0, 0]
	[0, 0, 0, 0, 0, 3, 0]
	[0, 0, 0, 0, 0, 0, 3]

(48)  10 ≥ 
	[2, 1, 1, 0, 0, 0, 0]
	[2, 0, 0, 1, 1, 0, 0]
	[1, 2, 0, 1, 0, 0, 0]
	[0, 2, 0, 0, 1, 0, 0]
	[0, 0, 1, 2, 0, 0, 0]
	[0, 0, 0, 0, 0, 2, 0]
	[0, 0, 0, 0, 0, 0, 2]

(49)  20 ≥ 
	[4, 2, 2, 0, 0, 0, 0]
	[4, 0, 0, 2, 2, 0, 0]
	[3, 3, 0, 3, 0, 1, 1]
	[0, 3, 0, 0, 3, 0, 0]
	[0, 0, 3, 3, 0, 0, 0]
	[0, 0, 0, 0, 0, 4, 0]
	[0, 0, 0, 0, 0, 0, 4]

(50)  8 ≥ 
	[2, 0, 0, 0, 0, 0, 0]
	[1, 1, 1, 1, 1, 0, 0]
	[0, 2, 0, 0, 0, 0, 0]
	[0, 0, 2, 0, 0, 0, 0]
	[0, 0, 0, 1, 0, 1, 0]
	[0, 0, 0, 1, 0, 1, 0]
	[0, 0, 0, 0, 1, 0, 1]

(51)  8 ≥ 
	[2, 0, 0, 0, 0, 0, 0]
	[2, 0, 0, 0, 0, 0, 0]
	[1, 1, 1, 1, 1, 0, 0]
	[0, 2, 0, 0, 0, 0, 0]
	[0, 0, 2, 0, 0, 0, 0]
	[0, 0, 0, 2, 0, 0, 0]
	[0, 0, 0, 0, 1, 1, 0]

(52)  14 ≥ 
	[3, 2, 0, 0, 0, 0, 0]
	[2, 1, 2, 1, 1, 1, 0]
	[2, 0, 1, 0, 0, 0, 2]
	[0, 2, 2, 0, 0, 0, 1]
	[0, 0, 0, 3, 0, 0, 0]
	[0, 0, 0, 0, 3, 0, 0]
	[0, 0, 0, 0, 0, 3, 0]

(53)  18 ≥ 
	[4, 2, 0, 0, 0, 0, 0]
	[3, 0, 3, 1, 1, 1, 0]
	[2, 2, 2, 2, 2, 1, 1]
	[0, 3, 3, 0, 0, 0, 0]
	[0, 0, 0, 4, 0, 0, 0]
	[0, 0, 0, 0, 4, 0, 0]
	[0, 0, 0, 0, 0, 3, 1]

(54)  10 ≥ 
	[2, 1, 1, 0, 0, 0, 0]
	[2, 0, 0, 1, 1, 0, 0]
	[1, 1, 0, 2, 0, 0, 0]
	[0, 2, 0, 0, 1, 0, 0]
	[0, 0, 2, 1, 0, 0, 0]
	[0, 0, 0, 0, 0, 2, 0]
	[0, 0, 0, 0, 0, 0, 2]

(55)  16 ≥ 
	[4, 0, 0, 0, 0, 0, 0]
	[2, 2, 2, 2, 1, 1, 0]
	[1, 1, 1, 1, 1, 0, 2]
	[0, 4, 0, 0, 0, 0, 0]
	[0, 0, 4, 0, 0, 0, 0]
	[0, 0, 0, 4, 0, 0, 0]
	[0, 0, 0, 0, 1, 3, 0]

(56)  19 ≥ 
	[4, 2, 1, 0, 0, 0, 0]
	[3, 0, 0, 3, 1, 0, 0]
	[1, 4, 0, 1, 1, 0, 0]
	[0, 2, 2, 3, 0, 0, 0]
	[0, 0, 1, 0, 4, 0, 0]
	[0, 0, 0, 0, 0, 4, 0]
	[0, 0, 0, 0, 0, 0, 4]

(57)  8 ≥ 
	[2, 0, 0, 0, 0, 0, 0]
	[1, 1, 1, 1, 1, 0, 0]
	[0, 2, 0, 0, 0, 0, 0]
	[0, 0, 2, 0, 0, 0, 0]
	[0, 0, 0, 2, 0, 0, 0]
	[0, 0, 0, 0, 1, 1, 0]
	[0, 0, 0, 0, 1, 1, 0]

(58)  9 ≥ 
	[2, 1, 0, 0, 0, 0, 0]
	[1, 1, 1, 1, 1, 1, 0]
	[1, 0, 1, 0, 0, 0, 1]
	[0, 1, 1, 0, 0, 0, 1]
	[0, 0, 0, 2, 0, 0, 0]
	[0, 0, 0, 0, 2, 0, 0]
	[0, 0, 0, 0, 0, 2, 0]

(59)  15 ≥ 
	[3, 2, 1, 0, 0, 0, 0]
	[3, 0, 0, 2, 1, 0, 0]
	[2, 2, 0, 1, 2, 1, 1]
	[0, 3, 0, 2, 0, 0, 0]
	[0, 0, 1, 0, 3, 0, 0]
	[0, 0, 0, 0, 0, 3, 0]
	[0, 0, 0, 0, 0, 0, 3]

(60)  4 ≥ 
	[1, 0, 0, 0, 0, 0, 0]
	[1, 0, 0, 0, 0, 0, 0]
	[0, 1, 0, 0, 0, 0, 0]
	[0, 1, 0, 0, 0, 0, 0]
	[0, 0, 1, 0, 0, 0, 0]
	[0, 0, 0, 1, 0, 0, 0]
	[0, 0, 0, 0, 1, 0, 0]

(61)  9 ≥ 
	[2, 1, 0, 0, 0, 0, 0]
	[1, 1, 1, 1, 1, 1, 0]
	[1, 0, 2, 0, 0, 0, 0]
	[0, 2, 1, 0, 0, 0, 0]
	[0, 0, 0, 2, 0, 0, 0]
	[0, 0, 0, 0, 2, 0, 0]
	[0, 0, 0, 0, 0, 2, 0]

(62)  14 ≥ 
	[3, 1, 1, 0, 0, 0, 0]
	[2, 0, 0, 2, 1, 0, 0]
	[1, 2, 0, 0, 2, 0, 0]
	[0, 2, 1, 2, 0, 0, 0]
	[0, 0, 3, 0, 1, 0, 0]
	[0, 0, 0, 0, 0, 3, 0]
	[0, 0, 0, 0, 0, 0, 3]

(63)  18 ≥ 
	[4, 2, 0, 0, 0, 0, 0]
	[2, 0, 2, 2, 0, 0, 0]
	[1, 3, 2, 0, 1, 1, 1]
	[0, 3, 0, 3, 0, 0, 0]
	[0, 0, 0, 0, 4, 0, 0]
	[0, 0, 0, 0, 0, 4, 0]
	[0, 0, 0, 0, 0, 0, 4]

(64)  18 ≥ 
	[4, 0, 0, 0, 0, 0, 0]
	[2, 2, 2, 2, 2, 2, 0]
	[1, 3, 2, 1, 1, 0, 1]
	[0, 3, 0, 0, 0, 3, 0]
	[0, 0, 2, 0, 0, 2, 2]
	[0, 0, 0, 4, 0, 0, 0]
	[0, 0, 0, 0, 4, 0, 0]

(65)  14 ≥ 
	[3, 2, 0, 0, 0, 0, 0]
	[2, 0, 2, 1, 0, 0, 0]
	[1, 2, 2, 0, 1, 1, 1]
	[0, 2, 1, 2, 0, 0, 0]
	[0, 0, 0, 0, 3, 0, 0]
	[0, 0, 0, 0, 0, 3, 0]
	[0, 0, 0, 0, 0, 0, 3]

(66)  14 ≥ 
	[3, 1, 1, 0, 0, 0, 0]
	[2, 0, 0, 2, 1, 0, 0]
	[1, 2, 1, 2, 0, 1, 1]
	[0, 3, 0, 0, 1, 0, 0]
	[0, 0, 3, 1, 0, 0, 0]
	[0, 0, 0, 0, 0, 3, 0]
	[0, 0, 0, 0, 0, 0, 3]

(67)  14 ≥ 
	[3, 1, 0, 0, 0, 0, 0]
	[2, 0, 2, 1, 1, 1, 1]
	[1, 1, 1, 2, 2, 1, 0]
	[0, 2, 2, 0, 0, 0, 0]
	[0, 0, 0, 3, 0, 0, 1]
	[0, 0, 0, 0, 3, 0, 1]
	[0, 0, 0, 0, 0, 3, 0]

(68)  13 ≥ 
	[3, 0, 0, 0, 0, 0, 0]
	[1, 2, 1, 1, 1, 1, 0]
	[1, 1, 2, 1, 1, 0, 1]
	[0, 2, 0, 0, 0, 0, 2]
	[0, 0, 1, 0, 0, 2, 1]
	[0, 0, 0, 3, 0, 0, 0]
	[0, 0, 0, 0, 3, 0, 0]

(69)  10 ≥ 
	[2, 1, 1, 0, 0, 0, 0]
	[2, 0, 0, 1, 1, 0, 0]
	[1, 2, 0, 1, 0, 0, 0]
	[0, 1, 0, 0, 2, 0, 0]
	[0, 0, 1, 2, 0, 0, 0]
	[0, 0, 0, 0, 0, 2, 0]
	[0, 0, 0, 0, 0, 0, 2]

(70)  16 ≥ 
	[4, 0, 0, 0, 0, 0, 0]
	[2, 2, 2, 2, 2, 0, 0]
	[1, 1, 1, 1, 1, 2, 0]
	[0, 4, 0, 0, 0, 0, 0]
	[0, 0, 4, 0, 0, 0, 0]
	[0, 0, 0, 4, 0, 0, 0]
	[0, 0, 0, 0, 2, 0, 2]

(71)  14 ≥ 
	[3, 1, 1, 0, 0, 0, 0]
	[2, 0, 0, 2, 1, 0, 0]
	[0, 3, 0, 0, 1, 0, 0]
	[0, 1, 1, 3, 0, 0, 0]
	[0, 0, 1, 0, 3, 0, 0]
	[0, 0, 0, 0, 0, 3, 0]
	[0, 0, 0, 0, 0, 0, 3]

(72)  9 ≥ 
	[2, 1, 0, 0, 0, 0, 0]
	[1, 1, 1, 1, 1, 1, 0]
	[1, 0, 1, 0, 0, 0, 1]
	[0, 1, 2, 0, 0, 0, 0]
	[0, 0, 0, 2, 0, 0, 0]
	[0, 0, 0, 0, 2, 0, 0]
	[0, 0, 0, 0, 0, 2, 0]

(73)  20 ≥ 
	[4, 2, 2, 0, 0, 0, 0]
	[4, 0, 0, 2, 2, 0, 0]
	[3, 3, 0, 3, 0, 1, 1]
	[0, 4, 0, 0, 2, 0, 0]
	[0, 0, 2, 4, 0, 0, 0]
	[0, 0, 0, 0, 0, 4, 0]
	[0, 0, 0, 0, 0, 0, 4]

(74)  14 ≥ 
	[3, 1, 1, 0, 0, 0, 0]
	[2, 1, 0, 2, 1, 1, 1]
	[2, 0, 1, 1, 2, 1, 1]
	[0, 1, 0, 0, 3, 0, 0]
	[0, 0, 1, 3, 0, 0, 0]
	[0, 0, 0, 0, 0, 3, 0]
	[0, 0, 0, 0, 0, 0, 3]

(75)  14 ≥ 
	[3, 2, 0, 0, 0, 0, 0]
	[2, 0, 2, 1, 0, 0, 0]
	[1, 2, 2, 0, 1, 1, 1]
	[0, 3, 1, 1, 0, 0, 0]
	[0, 0, 0, 0, 3, 0, 0]
	[0, 0, 0, 0, 0, 3, 0]
	[0, 0, 0, 0, 0, 0, 3]

(76)  9 ≥ 
	[2, 1, 0, 0, 0, 0, 0]
	[1, 0, 1, 1, 0, 0, 0]
	[0, 1, 2, 0, 0, 0, 0]
	[0, 1, 0, 2, 0, 0, 0]
	[0, 0, 0, 0, 2, 0, 0]
	[0, 0, 0, 0, 0, 2, 0]
	[0, 0, 0, 0, 0, 0, 2]

(77)  18 ≥ 
	[4, 2, 0, 0, 0, 0, 0]
	[3, 0, 2, 1, 1, 1, 1]
	[2, 2, 2, 2, 2, 2, 0]
	[0, 2, 3, 0, 0, 0, 1]
	[0, 0, 0, 4, 0, 0, 0]
	[0, 0, 0, 0, 4, 0, 0]
	[0, 0, 0, 0, 0, 4, 0]

(78)  14 ≥ 
	[3, 1, 0, 0, 0, 0, 0]
	[2, 0, 2, 1, 1, 1, 1]
	[1, 1, 1, 2, 2, 1, 0]
	[0, 2, 2, 0, 0, 0, 0]
	[0, 0, 0, 3, 0, 0, 1]
	[0, 0, 0, 0, 2, 0, 2]
	[0, 0, 0, 0, 0, 3, 0]

(79)  8 ≥ 
	[2, 0, 0, 0, 0, 0, 0]
	[1, 1, 1, 1, 1, 0, 0]
	[1, 0, 0, 0, 0, 1, 0]
	[0, 2, 0, 0, 0, 0, 0]
	[0, 0, 2, 0, 0, 0, 0]
	[0, 0, 0, 2, 0, 0, 0]
	[0, 0, 0, 0, 2, 0, 0]

(80)  14 ≥ 
	[3, 1, 1, 0, 0, 0, 0]
	[2, 0, 0, 2, 1, 0, 0]
	[0, 3, 0, 0, 1, 0, 0]
	[0, 1, 2, 2, 0, 0, 0]
	[0, 0, 1, 0, 3, 0, 0]
	[0, 0, 0, 0, 0, 3, 0]
	[0, 0, 0, 0, 0, 0, 3]

(81)  8 ≥ 
	[2, 0, 0, 0, 0, 0, 0]
	[1, 1, 1, 1, 1, 0, 0]
	[1, 1, 1, 1, 1, 0, 0]
	[0, 2, 0, 0, 0, 0, 0]
	[0, 0, 2, 0, 0, 0, 0]
	[0, 0, 0, 2, 0, 0, 0]
	[0, 0, 0, 0, 2, 0, 0]

(82)  14 ≥ 
	[3, 1, 1, 0, 0, 0, 0]
	[2, 0, 0, 2, 1, 0, 0]
	[1, 2, 1, 2, 0, 1, 1]
	[0, 2, 0, 0, 2, 0, 0]
	[0, 0, 3, 1, 0, 0, 0]
	[0, 0, 0, 0, 0, 3, 0]
	[0, 0, 0, 0, 0, 0, 3]

(83)  10 ≥ 
	[2, 2, 0, 0, 0, 0, 0]
	[2, 0, 1, 1, 0, 0, 0]
	[1, 1, 1, 0, 1, 1, 1]
	[0, 2, 1, 1, 0, 0, 0]
	[0, 0, 0, 0, 2, 0, 0]
	[0, 0, 0, 0, 0, 2, 0]
	[0, 0, 0, 0, 0, 0, 2]

(84)  13 ≥ 
	[3, 1, 0, 0, 0, 0, 0]
	[2, 0, 2, 1, 1, 1, 0]
	[1, 0, 1, 0, 0, 0, 2]
	[0, 2, 2, 0, 0, 0, 0]
	[0, 0, 0, 3, 0, 0, 0]
	[0, 0, 0, 0, 3, 0, 0]
	[0, 0, 0, 0, 0, 3, 0]

(85)  19 ≥ 
	[4, 2, 1, 0, 0, 0, 0]
	[3, 0, 0, 3, 1, 0, 0]
	[1, 2, 0, 1, 3, 0, 0]
	[0, 2, 1, 4, 0, 0, 0]
	[0, 0, 4, 0, 1, 0, 0]
	[0, 0, 0, 0, 0, 4, 0]
	[0, 0, 0, 0, 0, 0, 4]

(86)  13 ≥ 
	[3, 1, 0, 0, 0, 0, 0]
	[2, 0, 2, 1, 1, 1, 0]
	[1, 1, 1, 2, 1, 0, 1]
	[0, 1, 3, 0, 0, 0, 0]
	[0, 0, 0, 3, 0, 0, 0]
	[0, 0, 0, 0, 3, 0, 0]
	[0, 0, 0, 0, 0, 2, 1]

(87)  5 ≥ 
	[1, 1, 0, 0, 0, 0, 0]
	[1, 0, 1, 0, 0, 0, 0]
	[0, 1, 1, 0, 0, 0, 0]
	[0, 0, 0, 1, 0, 0, 0]
	[0, 0, 0, 0, 1, 0, 0]
	[0, 0, 0, 0, 0, 1, 0]
	[0, 0, 0, 0, 0, 0, 1]

(88)  12 ≥ 
	[3, 0, 0, 0, 0, 0, 0]
	[2, 1, 1, 1, 1, 0, 0]
	[2, 1, 1, 0, 0, 1, 1]
	[0, 3, 0, 0, 0, 0, 0]
	[0, 0, 3, 0, 0, 0, 0]
	[0, 0, 0, 2, 0, 1, 0]
	[0, 0, 0, 0, 2, 0, 1]

(89)  13 ≥ 
	[3, 1, 0, 0, 0, 0, 0]
	[2, 0, 2, 1, 1, 1, 0]
	[1, 1, 1, 1, 1, 1, 1]
	[0, 2, 2, 0, 0, 0, 0]
	[0, 0, 0, 3, 0, 0, 0]
	[0, 0, 0, 0, 3, 0, 0]
	[0, 0, 0, 0, 0, 3, 0]

(90)  13 ≥ 
	[3, 1, 0, 0, 0, 0, 0]
	[2, 0, 2, 1, 1, 1, 0]
	[1, 1, 1, 2, 1, 1, 0]
	[0, 1, 3, 0, 0, 0, 0]
	[0, 0, 0, 1, 0, 0, 2]
	[0, 0, 0, 0, 3, 0, 0]
	[0, 0, 0, 0, 0, 3, 0]

(91)  18 ≥ 
	[4, 2, 0, 0, 0, 0, 0]
	[3, 0, 3, 1, 1, 1, 0]
	[2, 2, 2, 2, 2, 2, 0]
	[0, 2, 3, 0, 0, 0, 1]
	[0, 0, 0, 4, 0, 0, 0]
	[0, 0, 0, 0, 4, 0, 0]
	[0, 0, 0, 0, 0, 4, 0]

(92)  19 ≥ 
	[4, 1, 0, 0, 0, 0, 0]
	[1, 0, 3, 3, 0, 0, 0]
	[0, 3, 3, 0, 1, 0, 0]
	[0, 3, 0, 3, 0, 1, 0]
	[0, 0, 1, 0, 0, 4, 0]
	[0, 0, 0, 1, 4, 0, 0]
	[0, 0, 0, 0, 0, 0, 4]

(93)  9 ≥ 
	[2, 1, 0, 0, 0, 0, 0]
	[1, 1, 1, 1, 1, 1, 0]
	[1, 0, 2, 0, 0, 0, 0]
	[0, 2, 1, 0, 0, 0, 0]
	[0, 0, 0, 2, 0, 0, 0]
	[0, 0, 0, 0, 2, 0, 0]
	[0, 0, 0, 0, 0, 1, 1]

(94)  13 ≥ 
	[3, 1, 0, 0, 0, 0, 0]
	[2, 0, 1, 1, 1, 1, 1]
	[1, 0, 3, 0, 0, 0, 0]
	[0, 2, 1, 1, 0, 0, 0]
	[0, 0, 0, 0, 3, 0, 0]
	[0, 0, 0, 0, 0, 3, 0]
	[0, 0, 0, 0, 0, 0, 3]

(95)  9 ≥ 
	[2, 1, 0, 0, 0, 0, 0]
	[2, 0, 1, 0, 0, 0, 0]
	[1, 0, 0, 1, 1, 1, 1]
	[0, 1, 1, 1, 0, 0, 0]
	[0, 0, 0, 0, 2, 0, 0]
	[0, 0, 0, 0, 0, 2, 0]
	[0, 0, 0, 0, 0, 0, 2]

(96)  19 ≥ 
	[4, 2, 0, 0, 0, 0, 0]
	[2, 0, 3, 2, 0, 0, 0]
	[1, 0, 0, 1, 4, 0, 0]
	[0, 2, 3, 0, 2, 0, 0]
	[0, 2, 0, 4, 0, 0, 0]
	[0, 0, 0, 0, 0, 4, 0]
	[0, 0, 0, 0, 0, 0, 4]

(97)  10 ≥ 
	[2, 2, 0, 0, 0, 0, 0]
	[2, 0, 2, 0, 0, 0, 0]
	[1, 1, 1, 1, 1, 1, 0]
	[0, 2, 2, 0, 0, 0, 0]
	[0, 0, 0, 2, 0, 0, 0]
	[0, 0, 0, 0, 2, 0, 0]
	[0, 0, 0, 0, 0, 1, 1]

(98)  14 ≥ 
	[3, 1, 1, 0, 0, 0, 0]
	[2, 2, 0, 2, 1, 1, 0]
	[2, 0, 0, 1, 0, 0, 2]
	[0, 3, 0, 0, 0, 0, 1]
	[0, 0, 1, 3, 0, 0, 0]
	[0, 0, 0, 0, 3, 0, 0]
	[0, 0, 0, 0, 0, 3, 0]

(99)  15 ≥ 
	[3, 2, 1, 0, 0, 0, 0]
	[3, 0, 0, 2, 1, 0, 0]
	[2, 1, 2, 2, 0, 1, 1]
	[0, 3, 0, 2, 0, 0, 0]
	[0, 0, 3, 0, 1, 0, 0]
	[0, 0, 0, 0, 0, 3, 0]
	[0, 0, 0, 0, 0, 0, 3]

(100)  13 ≥ 
	[3, 1, 0, 0, 0, 0, 0]
	[2, 0, 2, 1, 1, 1, 0]
	[1, 0, 1, 0, 0, 0, 2]
	[0, 1, 3, 0, 0, 0, 0]
	[0, 0, 0, 3, 0, 0, 0]
	[0, 0, 0, 0, 3, 0, 0]
	[0, 0, 0, 0, 0, 3, 0]

(101)  15 ≥ 
	[3, 2, 1, 0, 0, 0, 0]
	[3, 0, 0, 2, 1, 0, 0]
	[2, 2, 0, 1, 2, 1, 1]
	[0, 3, 0, 2, 0, 0, 0]
	[0, 0, 2, 0, 2, 0, 0]
	[0, 0, 0, 0, 0, 3, 0]
	[0, 0, 0, 0, 0, 0, 3]

(102)  18 ≥ 
	[4, 0, 0, 0, 0, 0, 0]
	[2, 2, 2, 2, 2, 2, 0]
	[1, 3, 3, 1, 1, 0, 0]
	[0, 3, 0, 0, 0, 3, 0]
	[0, 0, 3, 0, 0, 2, 1]
	[0, 0, 0, 4, 0, 0, 0]
	[0, 0, 0, 0, 4, 0, 0]

(103)  13 ≥ 
	[3, 1, 0, 0, 0, 0, 0]
	[1, 2, 1, 1, 1, 1, 0]
	[1, 0, 2, 0, 0, 0, 1]
	[0, 2, 0, 0, 0, 0, 2]
	[0, 0, 0, 3, 0, 0, 0]
	[0, 0, 0, 0, 3, 0, 0]
	[0, 0, 0, 0, 0, 3, 0]

(104)  18 ≥ 
	[4, 2, 0, 0, 0, 0, 0]
	[3, 0, 3, 1, 1, 1, 0]
	[2, 2, 2, 2, 2, 2, 0]
	[0, 3, 3, 0, 0, 0, 0]
	[0, 0, 0, 4, 0, 0, 0]
	[0, 0, 0, 0, 4, 0, 0]
	[0, 0, 0, 0, 0, 4, 0]

(105)  12 ≥ 
	[3, 0, 0, 0, 0, 0, 0]
	[1, 1, 1, 1, 1, 1, 0]
	[0, 3, 0, 0, 0, 0, 0]
	[0, 0, 3, 0, 0, 0, 0]
	[0, 0, 0, 3, 0, 0, 0]
	[0, 0, 0, 0, 1, 0, 2]
	[0, 0, 0, 0, 0, 1, 2]

(106)  6 ≥ 
	[1, 1, 1, 0, 0, 0, 0]
	[1, 1, 0, 1, 0, 0, 0]
	[1, 0, 1, 1, 0, 0, 0]
	[0, 1, 1, 1, 0, 0, 0]
	[0, 0, 0, 0, 1, 0, 0]
	[0, 0, 0, 0, 0, 1, 0]
	[0, 0, 0, 0, 0, 0, 1]

(107)  6 ≥ 
	[1, 1, 0, 0, 0, 0, 0]
	[1, 0, 1, 0, 0, 0, 0]
	[0, 1, 1, 0, 0, 0, 0]
	[0, 0, 0, 1, 1, 0, 0]
	[0, 0, 0, 1, 0, 1, 0]
	[0, 0, 0, 0, 1, 1, 0]
	[0, 0, 0, 0, 0, 0, 1]

(108)  18 ≥ 
	[4, 2, 0, 0, 0, 0, 0]
	[3, 0, 3, 1, 1, 1, 0]
	[2, 2, 2, 2, 2, 2, 0]
	[0, 2, 4, 0, 0, 0, 0]
	[0, 0, 0, 4, 0, 0, 0]
	[0, 0, 0, 0, 4, 0, 0]
	[0, 0, 0, 0, 0, 4, 0]

(109)  8 ≥ 
	[2, 0, 0, 0, 0, 0, 0]
	[1, 1, 1, 1, 1, 0, 0]
	[1, 0, 0, 0, 0, 1, 0]
	[0, 2, 0, 0, 0, 0, 0]
	[0, 0, 2, 0, 0, 0, 0]
	[0, 0, 0, 2, 0, 0, 0]
	[0, 0, 0, 0, 1, 0, 1]

(110)  12 ≥ 
	[3, 0, 0, 0, 0, 0, 0]
	[1, 1, 1, 1, 1, 1, 0]
	[0, 3, 0, 0, 0, 0, 0]
	[0, 0, 3, 0, 0, 0, 0]
	[0, 0, 0, 3, 0, 0, 0]
	[0, 0, 0, 0, 3, 0, 0]
	[0, 0, 0, 0, 0, 3, 0]

(111)  12 ≥ 
	[3, 0, 0, 0, 0, 0, 0]
	[2, 1, 1, 1, 1, 0, 0]
	[1, 2, 1, 0, 0, 1, 1]
	[0, 3, 0, 0, 0, 0, 0]
	[0, 0, 3, 0, 0, 0, 0]
	[0, 0, 0, 2, 0, 1, 0]
	[0, 0, 0, 0, 1, 0, 2]

(112)  4 ≥ 
	[1, 0, 0, 0, 0, 0, 0]
	[0, 1, 0, 0, 0, 0, 0]
	[0, 0, 1, 0, 0, 0, 0]
	[0, 0, 0, 1, 0, 0, 0]
	[0, 0, 0, 0, 1, 0, 0]
	[0, 0, 0, 0, 0, 1, 0]
	[0, 0, 0, 0, 0, 0, 1]

(113)  14 ≥ 
	[3, 1, 0, 0, 0, 0, 0]
	[2, 0, 2, 1, 1, 1, 1]
	[1, 1, 2, 2, 1, 1, 0]
	[0, 2, 2, 0, 0, 0, 1]
	[0, 0, 0, 2, 0, 0, 2]
	[0, 0, 0, 0, 3, 0, 0]
	[0, 0, 0, 0, 0, 3, 0]

(114)  1 ≥ 
	[1, 0, 0, 0, 0, 0, 0]
	[1, 0, 0, 0, 0, 0, 0]
	[1, 0, 0, 0, 0, 0, 0]
	[1, 0, 0, 0, 0, 0, 0]
	[1, 0, 0, 0, 0, 0, 0]
	[1, 0, 0, 0, 0, 0, 0]
	[0, 0, 0, 0, 0, 0, 0]

(115)  5 ≥ 
	[1, 1, 0, 0, 0, 0, 0]
	[1, 0, 1, 0, 0, 0, 0]
	[0, 1, 1, 0, 0, 0, 0]
	[0, 0, 0, 1, 0, 0, 0]
	[0, 0, 0, 1, 0, 0, 0]
	[0, 0, 0, 0, 1, 0, 0]
	[0, 0, 0, 0, 0, 1, 0]

(116)  18 ≥ 
	[4, 2, 0, 0, 0, 0, 0]
	[3, 0, 3, 1, 1, 1, 0]
	[2, 2, 2, 2, 2, 1, 1]
	[0, 3, 3, 0, 0, 0, 0]
	[0, 0, 0, 4, 0, 0, 0]
	[0, 0, 0, 0, 4, 0, 0]
	[0, 0, 0, 0, 0, 1, 3]

(117)  14 ≥ 
	[3, 2, 0, 0, 0, 0, 0]
	[2, 0, 2, 1, 0, 0, 0]
	[1, 2, 1, 1, 1, 1, 1]
	[0, 2, 3, 0, 0, 0, 0]
	[0, 0, 0, 0, 3, 0, 0]
	[0, 0, 0, 0, 0, 3, 0]
	[0, 0, 0, 0, 0, 0, 3]

(118)  13 ≥ 
	[3, 1, 0, 0, 0, 0, 0]
	[2, 0, 2, 1, 1, 1, 0]
	[1, 2, 1, 1, 1, 1, 0]
	[0, 1, 3, 0, 0, 0, 0]
	[0, 0, 0, 3, 0, 0, 0]
	[0, 0, 0, 0, 3, 0, 0]
	[0, 0, 0, 0, 0, 3, 0]

(119)  13 ≥ 
	[3, 1, 0, 0, 0, 0, 0]
	[2, 0, 2, 1, 1, 1, 0]
	[1, 1, 1, 2, 1, 1, 0]
	[0, 1, 3, 0, 0, 0, 0]
	[0, 0, 0, 3, 0, 0, 0]
	[0, 0, 0, 0, 3, 0, 0]
	[0, 0, 0, 0, 0, 1, 2]

(120)  18 ≥ 
	[4, 0, 0, 0, 0, 0, 0]
	[2, 2, 2, 2, 2, 2, 0]
	[1, 3, 2, 1, 1, 0, 1]
	[0, 3, 0, 0, 0, 3, 0]
	[0, 0, 3, 0, 0, 2, 1]
	[0, 0, 0, 4, 0, 0, 0]
	[0, 0, 0, 0, 4, 0, 0]

(121)  18 ≥ 
	[4, 2, 0, 0, 0, 0, 0]
	[3, 0, 2, 1, 1, 1, 1]
	[2, 0, 0, 4, 0, 0, 0]
	[0, 2, 2, 2, 0, 0, 0]
	[0, 0, 0, 0, 4, 0, 0]
	[0, 0, 0, 0, 0, 4, 0]
	[0, 0, 0, 0, 0, 0, 4]

(122)  16 ≥ 
	[3, 2, 2, 0, 0, 0, 0]
	[3, 0, 0, 2, 1, 0, 0]
	[2, 3, 0, 0, 2, 0, 0]
	[0, 3, 1, 2, 0, 0, 0]
	[0, 0, 3, 0, 2, 0, 0]
	[0, 0, 0, 0, 0, 3, 0]
	[0, 0, 0, 0, 0, 0, 3]

(123)  12 ≥ 
	[2, 2, 1, 0, 0, 0, 0]
	[2, 0, 0, 2, 1, 0, 0]
	[1, 0, 2, 0, 2, 0, 0]
	[0, 2, 0, 1, 2, 0, 0]
	[0, 1, 2, 2, 0, 0, 0]
	[0, 0, 0, 0, 0, 2, 0]
	[0, 0, 0, 0, 0, 0, 2]

(124)  8 ≥ 
	[2, 0, 0, 0, 0, 0, 0]
	[1, 1, 1, 1, 1, 0, 0]
	[0, 2, 0, 0, 0, 0, 0]
	[0, 0, 2, 0, 0, 0, 0]
	[0, 0, 0, 2, 0, 0, 0]
	[0, 0, 0, 0, 1, 1, 0]
	[0, 0, 0, 0, 1, 0, 1]

(125)  13 ≥ 
	[3, 1, 0, 0, 0, 0, 0]
	[1, 2, 1, 1, 1, 1, 0]
	[1, 0, 1, 0, 0, 0, 2]
	[0, 2, 0, 0, 0, 0, 2]
	[0, 0, 0, 3, 0, 0, 0]
	[0, 0, 0, 0, 3, 0, 0]
	[0, 0, 0, 0, 0, 3, 0]

(126)  13 ≥ 
	[3, 1, 0, 0, 0, 0, 0]
	[2, 0, 1, 1, 1, 1, 1]
	[1, 2, 1, 1, 1, 1, 0]
	[0, 1, 1, 0, 0, 0, 2]
	[0, 0, 0, 3, 0, 0, 0]
	[0, 0, 0, 0, 3, 0, 0]
	[0, 0, 0, 0, 0, 3, 0]

(127)  8 ≥ 
	[2, 0, 0, 0, 0, 0, 0]
	[2, 0, 0, 0, 0, 0, 0]
	[1, 1, 1, 1, 1, 0, 0]
	[0, 2, 0, 0, 0, 0, 0]
	[0, 0, 2, 0, 0, 0, 0]
	[0, 0, 0, 1, 0, 1, 0]
	[0, 0, 0, 0, 1, 0, 1]

(128)  13 ≥ 
	[3, 1, 0, 0, 0, 0, 0]
	[2, 0, 2, 1, 1, 1, 0]
	[1, 1, 1, 2, 1, 0, 1]
	[0, 2, 2, 0, 0, 0, 0]
	[0, 0, 0, 3, 0, 0, 0]
	[0, 0, 0, 0, 3, 0, 0]
	[0, 0, 0, 0, 0, 2, 1]

(129)  15 ≥ 
	[3, 3, 0, 0, 0, 0, 0]
	[3, 0, 2, 1, 0, 0, 0]
	[2, 2, 2, 0, 1, 1, 1]
	[0, 3, 2, 1, 0, 0, 0]
	[0, 0, 0, 0, 3, 0, 0]
	[0, 0, 0, 0, 0, 3, 0]
	[0, 0, 0, 0, 0, 0, 3]

(130)  9 ≥ 
	[2, 1, 0, 0, 0, 0, 0]
	[2, 0, 1, 0, 0, 0, 0]
	[1, 1, 1, 1, 1, 1, 0]
	[0, 1, 1, 0, 0, 0, 1]
	[0, 0, 0, 2, 0, 0, 0]
	[0, 0, 0, 0, 2, 0, 0]
	[0, 0, 0, 0, 0, 2, 0]

(131)  13 ≥ 
	[3, 1, 0, 0, 0, 0, 0]
	[3, 0, 1, 0, 0, 0, 0]
	[2, 0, 0, 2, 1, 1, 1]
	[0, 1, 1, 2, 0, 0, 0]
	[0, 0, 0, 0, 3, 0, 0]
	[0, 0, 0, 0, 0, 3, 0]
	[0, 0, 0, 0, 0, 0, 3]

(132)  15 ≥ 
	[3, 3, 0, 0, 0, 0, 0]
	[3, 0, 3, 0, 0, 0, 0]
	[2, 2, 2, 1, 1, 1, 0]
	[0, 3, 3, 0, 0, 0, 0]
	[0, 0, 0, 3, 0, 0, 0]
	[0, 0, 0, 0, 3, 0, 0]
	[0, 0, 0, 0, 0, 1, 2]

(133)  19 ≥ 
	[4, 2, 1, 0, 0, 0, 0]
	[3, 0, 0, 3, 1, 0, 0]
	[1, 4, 0, 1, 1, 0, 0]
	[0, 2, 1, 4, 0, 0, 0]
	[0, 0, 4, 0, 1, 0, 0]
	[0, 0, 0, 0, 0, 4, 0]
	[0, 0, 0, 0, 0, 0, 4]

(134)  16 ≥ 
	[4, 0, 0, 0, 0, 0, 0]
	[2, 2, 2, 2, 1, 1, 0]
	[1, 1, 1, 1, 1, 0, 2]
	[0, 4, 0, 0, 0, 0, 0]
	[0, 0, 4, 0, 0, 0, 0]
	[0, 0, 0, 4, 0, 0, 0]
	[0, 0, 0, 0, 3, 1, 0]

(135)  18 ≥ 
	[4, 2, 0, 0, 0, 0, 0]
	[3, 0, 3, 1, 1, 1, 0]
	[2, 2, 2, 2, 2, 1, 1]
	[0, 2, 4, 0, 0, 0, 0]
	[0, 0, 0, 4, 0, 0, 0]
	[0, 0, 0, 0, 4, 0, 0]
	[0, 0, 0, 0, 0, 1, 3]

(136)  13 ≥ 
	[3, 1, 0, 0, 0, 0, 0]
	[2, 0, 2, 1, 1, 1, 0]
	[1, 1, 1, 1, 1, 1, 1]
	[0, 1, 3, 0, 0, 0, 0]
	[0, 0, 0, 3, 0, 0, 0]
	[0, 0, 0, 0, 3, 0, 0]
	[0, 0, 0, 0, 0, 3, 0]

(137)  8 ≥ 
	[2, 0, 0, 0, 0, 0, 0]
	[1, 1, 1, 1, 1, 0, 0]
	[1, 1, 1, 1, 1, 0, 0]
	[0, 2, 0, 0, 0, 0, 0]
	[0, 0, 2, 0, 0, 0, 0]
	[0, 0, 0, 2, 0, 0, 0]
	[0, 0, 0, 0, 1, 1, 0]

(138)  4 ≥ 
	[1, 0, 0, 0, 0, 0, 0]
	[1, 0, 0, 0, 0, 0, 0]
	[1, 0, 0, 0, 0, 0, 0]
	[0, 1, 0, 0, 0, 0, 0]
	[0, 0, 1, 0, 0, 0, 0]
	[0, 0, 0, 1, 0, 0, 0]
	[0, 0, 0, 0, 1, 0, 0]

(139)  11 ≥ 
	[2, 2, 1, 0, 0, 0, 0]
	[2, 1, 0, 1, 1, 0, 0]
	[2, 0, 1, 2, 0, 0, 0]
	[0, 2, 0, 2, 0, 0, 0]
	[0, 0, 1, 0, 2, 0, 0]
	[0, 0, 0, 0, 0, 2, 0]
	[0, 0, 0, 0, 0, 0, 2]

(140)  8 ≥ 
	[2, 0, 0, 0, 0, 0, 0]
	[1, 1, 1, 1, 1, 0, 0]
	[1, 1, 1, 1, 1, 0, 0]
	[0, 2, 0, 0, 0, 0, 0]
	[0, 0, 2, 0, 0, 0, 0]
	[0, 0, 0, 1, 0, 1, 0]
	[0, 0, 0, 0, 1, 0, 1]

(141)  14 ≥ 
	[3, 1, 0, 0, 0, 0, 0]
	[2, 0, 2, 2, 1, 1, 0]
	[1, 0, 2, 0, 0, 0, 2]
	[0, 2, 2, 1, 0, 0, 0]
	[0, 0, 0, 3, 0, 0, 1]
	[0, 0, 0, 0, 3, 0, 0]
	[0, 0, 0, 0, 0, 3, 0]

(142)  8 ≥ 
	[2, 0, 0, 0, 0, 0, 0]
	[1, 1, 1, 1, 1, 0, 0]
	[1, 1, 1, 1, 0, 1, 0]
	[0, 2, 0, 0, 0, 0, 0]
	[0, 0, 2, 0, 0, 0, 0]
	[0, 0, 0, 1, 0, 0, 1]
	[0, 0, 0, 0, 1, 1, 0]

(143)  9 ≥ 
	[2, 1, 0, 0, 0, 0, 0]
	[2, 0, 1, 0, 0, 0, 0]
	[1, 1, 1, 1, 1, 1, 0]
	[0, 2, 1, 0, 0, 0, 0]
	[0, 0, 0, 2, 0, 0, 0]
	[0, 0, 0, 0, 2, 0, 0]
	[0, 0, 0, 0, 0, 1, 1]

(144)  14 ≥ 
	[3, 1, 1, 0, 0, 0, 0]
	[2, 1, 0, 2, 1, 1, 1]
	[2, 0, 1, 1, 2, 1, 1]
	[0, 2, 0, 0, 2, 0, 0]
	[0, 0, 2, 2, 0, 0, 0]
	[0, 0, 0, 0, 0, 3, 0]
	[0, 0, 0, 0, 0, 0, 3]

(145)  18 ≥ 
	[4, 2, 0, 0, 0, 0, 0]
	[3, 0, 3, 1, 1, 1, 0]
	[2, 2, 2, 2, 2, 2, 0]
	[0, 2, 4, 0, 0, 0, 0]
	[0, 0, 0, 4, 0, 0, 0]
	[0, 0, 0, 0, 4, 0, 0]
	[0, 0, 0, 0, 0, 2, 2]

(146)  13 ≥ 
	[3, 1, 0, 0, 0, 0, 0]
	[2, 0, 2, 1, 1, 1, 0]
	[2, 0, 0, 0, 0, 0, 2]
	[0, 1, 2, 0, 0, 0, 1]
	[0, 0, 0, 3, 0, 0, 0]
	[0, 0, 0, 0, 3, 0, 0]
	[0, 0, 0, 0, 0, 3, 0]

(147)  13 ≥ 
	[3, 0, 0, 0, 0, 0, 0]
	[1, 2, 2, 1, 1, 0, 0]
	[0, 2, 0, 0, 0, 2, 0]
	[0, 1, 1, 0, 0, 0, 2]
	[0, 0, 2, 0, 0, 2, 0]
	[0, 0, 0, 3, 0, 0, 0]
	[0, 0, 0, 0, 3, 0, 0]

(148)  20 ≥ 
	[4, 2, 2, 0, 0, 0, 0]
	[4, 0, 0, 2, 2, 0, 0]
	[3, 3, 0, 3, 0, 1, 1]
	[0, 3, 0, 0, 3, 0, 0]
	[0, 0, 2, 4, 0, 0, 0]
	[0, 0, 0, 0, 0, 4, 0]
	[0, 0, 0, 0, 0, 0, 4]

(149)  14 ≥ 
	[3, 1, 1, 0, 0, 0, 0]
	[2, 0, 0, 2, 1, 0, 0]
	[1, 3, 0, 0, 1, 0, 0]
	[0, 2, 1, 2, 0, 0, 0]
	[0, 0, 3, 0, 1, 0, 0]
	[0, 0, 0, 0, 0, 3, 0]
	[0, 0, 0, 0, 0, 0, 3]

(150)  13 ≥ 
	[3, 0, 0, 0, 0, 0, 0]
	[1, 2, 2, 1, 1, 0, 0]
	[0, 2, 0, 0, 0, 2, 0]
	[0, 2, 0, 0, 0, 0, 2]
	[0, 0, 2, 0, 0, 1, 1]
	[0, 0, 0, 3, 0, 0, 0]
	[0, 0, 0, 0, 3, 0, 0]

(151)  19 ≥ 
	[4, 2, 1, 0, 0, 0, 0]
	[3, 0, 0, 3, 1, 0, 0]
	[1, 2, 0, 1, 3, 0, 0]
	[0, 3, 1, 3, 0, 0, 0]
	[0, 0, 4, 0, 1, 0, 0]
	[0, 0, 0, 0, 0, 4, 0]
	[0, 0, 0, 0, 0, 0, 4]

(152)  13 ≥ 
	[3, 1, 0, 0, 0, 0, 0]
	[2, 0, 1, 1, 1, 1, 1]
	[1, 2, 1, 1, 1, 1, 0]
	[0, 1, 2, 0, 0, 0, 1]
	[0, 0, 0, 3, 0, 0, 0]
	[0, 0, 0, 0, 3, 0, 0]
	[0, 0, 0, 0, 0, 3, 0]

(153)  8 ≥ 
	[2, 0, 0, 0, 0, 0, 0]
	[2, 0, 0, 0, 0, 0, 0]
	[1, 1, 1, 1, 1, 0, 0]
	[0, 2, 0, 0, 0, 0, 0]
	[0, 0, 2, 0, 0, 0, 0]
	[0, 0, 0, 2, 0, 0, 0]
	[0, 0, 0, 0, 2, 0, 0]

(154)  8 ≥ 
	[2, 0, 0, 0, 0, 0, 0]
	[1, 1, 1, 1, 1, 0, 0]
	[1, 1, 1, 1, 0, 1, 0]
	[0, 2, 0, 0, 0, 0, 0]
	[0, 0, 2, 0, 0, 0, 0]
	[0, 0, 0, 2, 0, 0, 0]
	[0, 0, 0, 0, 1, 1, 0]

(155)  20 ≥ 
	[4, 2, 2, 0, 0, 0, 0]
	[4, 0, 0, 2, 2, 0, 0]
	[3, 3, 0, 3, 0, 1, 1]
	[0, 4, 0, 0, 2, 0, 0]
	[0, 0, 3, 3, 0, 0, 0]
	[0, 0, 0, 0, 0, 4, 0]
	[0, 0, 0, 0, 0, 0, 4]

(156)  14 ≥ 
	[3, 1, 0, 0, 0, 0, 0]
	[1, 2, 2, 1, 1, 1, 0]
	[1, 0, 2, 0, 0, 0, 2]
	[0, 2, 0, 1, 0, 0, 2]
	[0, 0, 1, 3, 0, 0, 0]
	[0, 0, 0, 0, 3, 0, 0]
	[0, 0, 0, 0, 0, 3, 0]

(157)  9 ≥ 
	[2, 1, 0, 0, 0, 0, 0]
	[2, 0, 1, 0, 0, 0, 0]
	[2, 0, 0, 1, 0, 0, 0]
	[0, 1, 1, 1, 0, 0, 0]
	[0, 0, 0, 0, 2, 0, 0]
	[0, 0, 0, 0, 0, 2, 0]
	[0, 0, 0, 0, 0, 0, 2]

(158)  13 ≥ 
	[3, 1, 0, 0, 0, 0, 0]
	[2, 0, 1, 1, 1, 1, 1]
	[1, 1, 2, 1, 1, 1, 0]
	[0, 2, 1, 0, 0, 0, 1]
	[0, 0, 0, 3, 0, 0, 0]
	[0, 0, 0, 0, 3, 0, 0]
	[0, 0, 0, 0, 0, 3, 0]

(159)  14 ≥ 
	[3, 2, 0, 0, 0, 0, 0]
	[2, 1, 1, 1, 1, 1, 1]
	[2, 0, 3, 0, 0, 0, 0]
	[0, 2, 2, 1, 0, 0, 0]
	[0, 0, 0, 0, 3, 0, 0]
	[0, 0, 0, 0, 0, 3, 0]
	[0, 0, 0, 0, 0, 0, 3]

(160)  13 ≥ 
	[3, 1, 0, 0, 0, 0, 0]
	[2, 0, 1, 1, 1, 1, 1]
	[1, 1, 2, 1, 1, 1, 0]
	[0, 1, 1, 0, 0, 0, 2]
	[0, 0, 0, 3, 0, 0, 0]
	[0, 0, 0, 0, 3, 0, 0]
	[0, 0, 0, 0, 0, 3, 0]

(161)  14 ≥ 
	[3, 1, 1, 0, 0, 0, 0]
	[2, 2, 0, 2, 1, 1, 0]
	[2, 0, 0, 1, 0, 0, 2]
	[0, 3, 0, 0, 0, 0, 1]
	[0, 0, 2, 2, 0, 0, 0]
	[0, 0, 0, 0, 3, 0, 0]
	[0, 0, 0, 0, 0, 3, 0]

(162)  14 ≥ 
	[3, 1, 1, 0, 0, 0, 0]
	[2, 0, 0, 2, 1, 0, 0]
	[0, 3, 0, 0, 1, 0, 0]
	[0, 1, 1, 3, 0, 0, 0]
	[0, 0, 3, 0, 1, 0, 0]
	[0, 0, 0, 0, 0, 3, 0]
	[0, 0, 0, 0, 0, 0, 3]

(163)  5 ≥ 
	[1, 1, 0, 0, 0, 0, 0]
	[1, 1, 0, 0, 0, 0, 0]
	[1, 0, 1, 0, 0, 0, 0]
	[0, 1, 1, 0, 0, 0, 0]
	[0, 0, 0, 1, 0, 0, 0]
	[0, 0, 0, 0, 1, 0, 0]
	[0, 0, 0, 0, 0, 1, 0]

(164)  13 ≥ 
	[3, 1, 0, 0, 0, 0, 0]
	[2, 0, 2, 1, 1, 1, 0]
	[1, 2, 1, 1, 1, 1, 0]
	[0, 1, 2, 0, 0, 0, 1]
	[0, 0, 0, 3, 0, 0, 0]
	[0, 0, 0, 0, 3, 0, 0]
	[0, 0, 0, 0, 0, 3, 0]

(165)  9 ≥ 
	[2, 1, 0, 0, 0, 0, 0]
	[2, 0, 1, 0, 0, 0, 0]
	[1, 1, 1, 1, 1, 1, 0]
	[0, 2, 1, 0, 0, 0, 0]
	[0, 0, 0, 2, 0, 0, 0]
	[0, 0, 0, 0, 2, 0, 0]
	[0, 0, 0, 0, 0, 2, 0]

(166)  9 ≥ 
	[2, 1, 0, 0, 0, 0, 0]
	[1, 0, 2, 0, 0, 0, 0]
	[1, 0, 0, 2, 0, 0, 0]
	[0, 1, 1, 1, 0, 0, 0]
	[0, 0, 0, 0, 2, 0, 0]
	[0, 0, 0, 0, 0, 2, 0]
	[0, 0, 0, 0, 0, 0, 2]

(167)  16 ≥ 
	[3, 2, 2, 0, 0, 0, 0]
	[3, 0, 0, 2, 1, 0, 0]
	[2, 3, 0, 0, 2, 0, 0]
	[0, 3, 1, 2, 0, 0, 0]
	[0, 0, 2, 0, 3, 0, 0]
	[0, 0, 0, 0, 0, 3, 0]
	[0, 0, 0, 0, 0, 0, 3]

(168)  18 ≥ 
	[4, 2, 0, 0, 0, 0, 0]
	[3, 0, 2, 1, 1, 1, 1]
	[2, 2, 2, 2, 2, 2, 0]
	[0, 2, 2, 0, 0, 0, 2]
	[0, 0, 0, 4, 0, 0, 0]
	[0, 0, 0, 0, 4, 0, 0]
	[0, 0, 0, 0, 0, 4, 0]

