(1)  2 ≥ 
	[1, 0, 0]
	[1, 0, 0]
	[1, 0, 0]
	[1, 0, 0]
	[1, 0, 0]
	[1, 0, 0]
	[1, 0, 0]
	[0, 1, 0]
	[0, 1, 0]
	[0, 0, 1]

(2)  4 ≥ 
	[2, 0, 0]
	[2, 0, 0]
	[2, 0, 0]
	[2, 0, 0]
	[1, 1, 1]
	[1, 1, 1]
	[1, 1, 1]
	[1, 1, 1]
	[0, 2, 0]
	[0, 0, 2]

(3)  4 ≥ 
	[2, 0, 0]
	[2, 0, 0]
	[2, 0, 0]
	[1, 1, 1]
	[1, 1, 1]
	[1, 1, 1]
	[1, 1, 1]
	[1, 1, 1]
	[0, 2, 0]
	[0, 0, 2]

(4)  4 ≥ 
	[2, 0, 0]
	[2, 0, 0]
	[2, 0, 0]
	[2, 0, 0]
	[1, 1, 1]
	[0, 2, 0]
	[0, 2, 0]
	[0, 2, 0]
	[0, 2, 0]
	[0, 0, 2]

(5)  4 ≥ 
	[2, 0, 0]
	[2, 0, 0]
	[2, 0, 0]
	[1, 1, 1]
	[0, 2, 0]
	[0, 2, 0]
	[0, 2, 0]
	[0, 0, 2]
	[0, 0, 2]
	[0, 0, 2]

(6)  4 ≥ 
	[2, 0, 0]
	[2, 0, 0]
	[2, 0, 0]
	[1, 1, 1]
	[1, 1, 1]
	[1, 1, 1]
	[1, 1, 1]
	[0, 2, 0]
	[0, 2, 0]
	[0, 0, 2]

(7)  4 ≥ 
	[2, 0, 0]
	[1, 1, 1]
	[1, 1, 1]
	[1, 1, 1]
	[1, 1, 1]
	[1, 1, 1]
	[1, 1, 1]
	[1, 1, 1]
	[0, 2, 0]
	[0, 0, 2]

(8)  4 ≥ 
	[2, 0, 0]
	[2, 0, 0]
	[2, 0, 0]
	[1, 1, 1]
	[1, 1, 1]
	[1, 1, 1]
	[0, 2, 0]
	[0, 2, 0]
	[0, 0, 2]
	[0, 0, 2]

(9)  2 ≥ 
	[1, 0, 0]
	[1, 0, 0]
	[1, 0, 0]
	[1, 0, 0]
	[1, 0, 0]
	[1, 0, 0]
	[1, 0, 0]
	[1, 0, 0]
	[0, 1, 0]
	[0, 0, 1]

(10)  4 ≥ 
	[2, 0, 0]
	[2, 0, 0]
	[1, 1, 1]
	[1, 1, 1]
	[1, 1, 1]
	[1, 1, 1]
	[1, 1, 1]
	[0, 2, 0]
	[0, 2, 0]
	[0, 0, 2]

(11)  2 ≥ 
	[1, 0, 0]
	[1, 0, 0]
	[1, 0, 0]
	[1, 0, 0]
	[1, 0, 0]
	[1, 0, 0]
	[0, 1, 0]
	[0, 1, 0]
	[0, 1, 0]
	[0, 0, 1]

(12)  4 ≥ 
	[2, 0, 0]
	[2, 0, 0]
	[2, 0, 0]
	[2, 0, 0]
	[2, 0, 0]
	[1, 1, 1]
	[1, 1, 1]
	[0, 2, 0]
	[0, 2, 0]
	[0, 0, 2]

(13)  4 ≥ 
	[2, 0, 0]
	[2, 0, 0]
	[2, 0, 0]
	[2, 0, 0]
	[2, 0, 0]
	[1, 1, 1]
	[1, 1, 1]
	[1, 1, 1]
	[0, 2, 0]
	[0, 0, 2]

(14)  2 ≥ 
	[1, 0, 0]
	[1, 0, 0]
	[1, 0, 0]
	[1, 0, 0]
	[1, 0, 0]
	[1, 0, 0]
	[0, 1, 0]
	[0, 1, 0]
	[0, 0, 1]
	[0, 0, 1]

(15)  2 ≥ 
	[1, 0, 0]
	[1, 0, 0]
	[1, 0, 0]
	[1, 0, 0]
	[0, 1, 0]
	[0, 1, 0]
	[0, 1, 0]
	[0, 0, 1]
	[0, 0, 1]
	[0, 0, 1]

(16)  4 ≥ 
	[2, 0, 0]
	[2, 0, 0]
	[2, 0, 0]
	[2, 0, 0]
	[1, 1, 1]
	[1, 1, 1]
	[0, 2, 0]
	[0, 2, 0]
	[0, 0, 2]
	[0, 0, 2]

(17)  4 ≥ 
	[2, 0, 0]
	[2, 0, 0]
	[2, 0, 0]
	[1, 1, 1]
	[1, 1, 1]
	[1, 1, 1]
	[0, 2, 0]
	[0, 2, 0]
	[0, 2, 0]
	[0, 0, 2]

(18)  1 ≥ 
	[1, 0, 0]
	[1, 0, 0]
	[1, 0, 0]
	[1, 0, 0]
	[1, 0, 0]
	[1, 0, 0]
	[1, 0, 0]
	[1, 0, 0]
	[1, 0, 0]
	[0, 0, 0]

(19)  4 ≥ 
	[2, 0, 0]
	[2, 0, 0]
	[2, 0, 0]
	[2, 0, 0]
	[1, 1, 1]
	[1, 1, 1]
	[1, 1, 1]
	[0, 2, 0]
	[0, 2, 0]
	[0, 0, 2]

(20)  4 ≥ 
	[2, 0, 0]
	[2, 0, 0]
	[2, 0, 0]
	[2, 0, 0]
	[2, 0, 0]
	[2, 0, 0]
	[2, 0, 0]
	[1, 1, 1]
	[0, 2, 0]
	[0, 0, 2]

(21)  4 ≥ 
	[2, 0, 0]
	[2, 0, 0]
	[2, 0, 0]
	[2, 0, 0]
	[2, 0, 0]
	[2, 0, 0]
	[1, 1, 1]
	[1, 1, 1]
	[0, 2, 0]
	[0, 0, 2]

(22)  4 ≥ 
	[2, 0, 0]
	[2, 0, 0]
	[2, 0, 0]
	[2, 0, 0]
	[2, 0, 0]
	[1, 1, 1]
	[0, 2, 0]
	[0, 2, 0]
	[0, 2, 0]
	[0, 0, 2]

(23)  2 ≥ 
	[1, 0, 0]
	[1, 0, 0]
	[1, 0, 0]
	[1, 0, 0]
	[1, 0, 0]
	[0, 1, 0]
	[0, 1, 0]
	[0, 1, 0]
	[0, 1, 0]
	[0, 0, 1]

(24)  4 ≥ 
	[2, 0, 0]
	[2, 0, 0]
	[1, 1, 1]
	[1, 1, 1]
	[1, 1, 1]
	[1, 1, 1]
	[0, 2, 0]
	[0, 2, 0]
	[0, 0, 2]
	[0, 0, 2]

(25)  2 ≥ 
	[1, 0, 0]
	[1, 0, 0]
	[1, 0, 0]
	[1, 0, 0]
	[1, 0, 0]
	[0, 1, 0]
	[0, 1, 0]
	[0, 1, 0]
	[0, 0, 1]
	[0, 0, 1]

(26)  4 ≥ 
	[2, 0, 0]
	[2, 0, 0]
	[1, 1, 1]
	[1, 1, 1]
	[1, 1, 1]
	[1, 1, 1]
	[1, 1, 1]
	[1, 1, 1]
	[0, 2, 0]
	[0, 0, 2]

(27)  4 ≥ 
	[2, 0, 0]
	[2, 0, 0]
	[2, 0, 0]
	[2, 0, 0]
	[2, 0, 0]
	[1, 1, 1]
	[0, 2, 0]
	[0, 2, 0]
	[0, 0, 2]
	[0, 0, 2]

(28)  2 ≥ 
	[1, 0, 0]
	[1, 0, 0]
	[1, 0, 0]
	[1, 0, 0]
	[0, 1, 0]
	[0, 1, 0]
	[0, 1, 0]
	[0, 1, 0]
	[0, 0, 1]
	[0, 0, 1]

(29)  4 ≥ 
	[2, 0, 0]
	[2, 0, 0]
	[2, 0, 0]
	[2, 0, 0]
	[1, 1, 1]
	[1, 1, 1]
	[0, 2, 0]
	[0, 2, 0]
	[0, 2, 0]
	[0, 0, 2]

(30)  4 ≥ 
	[2, 0, 0]
	[2, 0, 0]
	[2, 0, 0]
	[2, 0, 0]
	[1, 1, 1]
	[0, 2, 0]
	[0, 2, 0]
	[0, 2, 0]
	[0, 0, 2]
	[0, 0, 2]

(31)  4 ≥ 
	[2, 0, 0]
	[2, 0, 0]
	[2, 0, 0]
	[1, 1, 1]
	[1, 1, 1]
	[0, 2, 0]
	[0, 2, 0]
	[0, 2, 0]
	[0, 0, 2]
	[0, 0, 2]

(32)  4 ≥ 
	[2, 0, 0]
	[2, 0, 0]
	[2, 0, 0]
	[2, 0, 0]
	[2, 0, 0]
	[2, 0, 0]
	[1, 1, 1]
	[0, 2, 0]
	[0, 2, 0]
	[0, 0, 2]

