(1)  2 ≥ 
	[1, 0, 0]
	[1, 0, 0]
	[1, 0, 0]
	[1, 0, 0]
	[1, 0, 0]
	[0, 1, 0]
	[0, 1, 0]
	[0, 0, 1]

(2)  2 ≥ 
	[1, 0, 0]
	[1, 0, 0]
	[1, 0, 0]
	[1, 0, 0]
	[1, 0, 0]
	[1, 0, 0]
	[0, 1, 0]
	[0, 0, 1]

(3)  4 ≥ 
	[2, 0, 0]
	[2, 0, 0]
	[2, 0, 0]
	[1, 1, 1]
	[0, 2, 0]
	[0, 2, 0]
	[0, 2, 0]
	[0, 0, 2]

(4)  4 ≥ 
	[2, 0, 0]
	[2, 0, 0]
	[1, 1, 1]
	[1, 1, 1]
	[1, 1, 1]
	[0, 2, 0]
	[0, 2, 0]
	[0, 0, 2]

(5)  4 ≥ 
	[2, 0, 0]
	[2, 0, 0]
	[2, 0, 0]
	[2, 0, 0]
	[2, 0, 0]
	[1, 1, 1]
	[0, 2, 0]
	[0, 0, 2]

(6)  4 ≥ 
	[2, 0, 0]
	[2, 0, 0]
	[2, 0, 0]
	[2, 0, 0]
	[1, 1, 1]
	[0, 2, 0]
	[0, 2, 0]
	[0, 0, 2]

(7)  4 ≥ 
	[2, 0, 0]
	[2, 0, 0]
	[2, 0, 0]
	[2, 0, 0]
	[1, 1, 1]
	[1, 1, 1]
	[0, 2, 0]
	[0, 0, 2]

(8)  4 ≥ 
	[2, 0, 0]
	[1, 1, 1]
	[1, 1, 1]
	[1, 1, 1]
	[1, 1, 1]
	[1, 1, 1]
	[0, 2, 0]
	[0, 0, 2]

(9)  2 ≥ 
	[1, 0, 0]
	[1, 0, 0]
	[1, 0, 0]
	[0, 1, 0]
	[0, 1, 0]
	[0, 1, 0]
	[0, 0, 1]
	[0, 0, 1]

(10)  2 ≥ 
	[1, 0, 0]
	[1, 0, 0]
	[1, 0, 0]
	[1, 0, 0]
	[0, 1, 0]
	[0, 1, 0]
	[0, 0, 1]
	[0, 0, 1]

(11)  4 ≥ 
	[2, 0, 0]
	[2, 0, 0]
	[2, 0, 0]
	[1, 1, 1]
	[0, 2, 0]
	[0, 2, 0]
	[0, 0, 2]
	[0, 0, 2]

(12)  4 ≥ 
	[2, 0, 0]
	[2, 0, 0]
	[1, 1, 1]
	[1, 1, 1]
	[0, 2, 0]
	[0, 2, 0]
	[0, 0, 2]
	[0, 0, 2]

(13)  4 ≥ 
	[2, 0, 0]
	[2, 0, 0]
	[1, 1, 1]
	[1, 1, 1]
	[1, 1, 1]
	[1, 1, 1]
	[0, 2, 0]
	[0, 0, 2]

(14)  1 ≥ 
	[1, 0, 0]
	[1, 0, 0]
	[1, 0, 0]
	[1, 0, 0]
	[1, 0, 0]
	[1, 0, 0]
	[1, 0, 0]
	[0, 0, 0]

(15)  2 ≥ 
	[1, 0, 0]
	[1, 0, 0]
	[1, 0, 0]
	[1, 0, 0]
	[0, 1, 0]
	[0, 1, 0]
	[0, 1, 0]
	[0, 0, 1]

(16)  4 ≥ 
	[2, 0, 0]
	[2, 0, 0]
	[2, 0, 0]
	[1, 1, 1]
	[1, 1, 1]
	[1, 1, 1]
	[0, 2, 0]
	[0, 0, 2]

(17)  4 ≥ 
	[2, 0, 0]
	[2, 0, 0]
	[2, 0, 0]
	[1, 1, 1]
	[1, 1, 1]
	[0, 2, 0]
	[0, 2, 0]
	[0, 0, 2]

