(1)  4 ≥ 
	[2, 0, 0]
	[2, 0, 0]
	[2, 0, 0]
	[2, 0, 0]
	[1, 1, 1]
	[1, 1, 1]
	[0, 2, 0]
	[0, 2, 0]
	[0, 2, 0]
	[0, 2, 0]
	[0, 0, 2]

(2)  4 ≥ 
	[2, 0, 0]
	[2, 0, 0]
	[2, 0, 0]
	[2, 0, 0]
	[1, 1, 1]
	[1, 1, 1]
	[1, 1, 1]
	[1, 1, 1]
	[1, 1, 1]
	[0, 2, 0]
	[0, 0, 2]

(3)  4 ≥ 
	[2, 0, 0]
	[2, 0, 0]
	[2, 0, 0]
	[1, 1, 1]
	[1, 1, 1]
	[1, 1, 1]
	[1, 1, 1]
	[1, 1, 1]
	[1, 1, 1]
	[0, 2, 0]
	[0, 0, 2]

(4)  4 ≥ 
	[2, 0, 0]
	[2, 0, 0]
	[2, 0, 0]
	[2, 0, 0]
	[2, 0, 0]
	[1, 1, 1]
	[0, 2, 0]
	[0, 2, 0]
	[0, 2, 0]
	[0, 2, 0]
	[0, 0, 2]

(5)  4 ≥ 
	[2, 0, 0]
	[2, 0, 0]
	[2, 0, 0]
	[2, 0, 0]
	[1, 1, 1]
	[0, 2, 0]
	[0, 2, 0]
	[0, 2, 0]
	[0, 2, 0]
	[0, 0, 2]
	[0, 0, 2]

(6)  4 ≥ 
	[2, 0, 0]
	[2, 0, 0]
	[2, 0, 0]
	[2, 0, 0]
	[1, 1, 1]
	[1, 1, 1]
	[1, 1, 1]
	[0, 2, 0]
	[0, 2, 0]
	[0, 0, 2]
	[0, 0, 2]

(7)  2 ≥ 
	[1, 0, 0]
	[1, 0, 0]
	[1, 0, 0]
	[1, 0, 0]
	[1, 0, 0]
	[0, 1, 0]
	[0, 1, 0]
	[0, 1, 0]
	[0, 1, 0]
	[0, 0, 1]
	[0, 0, 1]

(8)  4 ≥ 
	[2, 0, 0]
	[2, 0, 0]
	[2, 0, 0]
	[1, 1, 1]
	[1, 1, 1]
	[1, 1, 1]
	[0, 2, 0]
	[0, 2, 0]
	[0, 2, 0]
	[0, 0, 2]
	[0, 0, 2]

(9)  4 ≥ 
	[2, 0, 0]
	[2, 0, 0]
	[2, 0, 0]
	[2, 0, 0]
	[1, 1, 1]
	[1, 1, 1]
	[1, 1, 1]
	[0, 2, 0]
	[0, 2, 0]
	[0, 2, 0]
	[0, 0, 2]

(10)  4 ≥ 
	[2, 0, 0]
	[2, 0, 0]
	[2, 0, 0]
	[2, 0, 0]
	[2, 0, 0]
	[2, 0, 0]
	[1, 1, 1]
	[1, 1, 1]
	[0, 2, 0]
	[0, 2, 0]
	[0, 0, 2]

(11)  4 ≥ 
	[2, 0, 0]
	[2, 0, 0]
	[2, 0, 0]
	[2, 0, 0]
	[1, 1, 1]
	[1, 1, 1]
	[1, 1, 1]
	[1, 1, 1]
	[0, 2, 0]
	[0, 2, 0]
	[0, 0, 2]

(12)  2 ≥ 
	[1, 0, 0]
	[1, 0, 0]
	[1, 0, 0]
	[1, 0, 0]
	[0, 1, 0]
	[0, 1, 0]
	[0, 1, 0]
	[0, 1, 0]
	[0, 0, 1]
	[0, 0, 1]
	[0, 0, 1]

(13)  4 ≥ 
	[2, 0, 0]
	[2, 0, 0]
	[2, 0, 0]
	[1, 1, 1]
	[1, 1, 1]
	[1, 1, 1]
	[1, 1, 1]
	[1, 1, 1]
	[0, 2, 0]
	[0, 2, 0]
	[0, 0, 2]

(14)  2 ≥ 
	[1, 0, 0]
	[1, 0, 0]
	[1, 0, 0]
	[1, 0, 0]
	[1, 0, 0]
	[1, 0, 0]
	[1, 0, 0]
	[1, 0, 0]
	[1, 0, 0]
	[0, 1, 0]
	[0, 0, 1]

(15)  4 ≥ 
	[2, 0, 0]
	[2, 0, 0]
	[2, 0, 0]
	[2, 0, 0]
	[2, 0, 0]
	[2, 0, 0]
	[1, 1, 1]
	[0, 2, 0]
	[0, 2, 0]
	[0, 2, 0]
	[0, 0, 2]

(16)  4 ≥ 
	[2, 0, 0]
	[2, 0, 0]
	[2, 0, 0]
	[2, 0, 0]
	[2, 0, 0]
	[1, 1, 1]
	[1, 1, 1]
	[0, 2, 0]
	[0, 2, 0]
	[0, 2, 0]
	[0, 0, 2]

(17)  2 ≥ 
	[1, 0, 0]
	[1, 0, 0]
	[1, 0, 0]
	[1, 0, 0]
	[1, 0, 0]
	[0, 1, 0]
	[0, 1, 0]
	[0, 1, 0]
	[0, 0, 1]
	[0, 0, 1]
	[0, 0, 1]

(18)  4 ≥ 
	[2, 0, 0]
	[2, 0, 0]
	[2, 0, 0]
	[2, 0, 0]
	[2, 0, 0]
	[1, 1, 1]
	[1, 1, 1]
	[1, 1, 1]
	[1, 1, 1]
	[0, 2, 0]
	[0, 0, 2]

(19)  4 ≥ 
	[2, 0, 0]
	[2, 0, 0]
	[2, 0, 0]
	[1, 1, 1]
	[1, 1, 1]
	[0, 2, 0]
	[0, 2, 0]
	[0, 2, 0]
	[0, 0, 2]
	[0, 0, 2]
	[0, 0, 2]

(20)  2 ≥ 
	[1, 0, 0]
	[1, 0, 0]
	[1, 0, 0]
	[1, 0, 0]
	[1, 0, 0]
	[1, 0, 0]
	[1, 0, 0]
	[1, 0, 0]
	[0, 1, 0]
	[0, 1, 0]
	[0, 0, 1]

(21)  4 ≥ 
	[2, 0, 0]
	[2, 0, 0]
	[2, 0, 0]
	[2, 0, 0]
	[2, 0, 0]
	[2, 0, 0]
	[1, 1, 1]
	[1, 1, 1]
	[1, 1, 1]
	[0, 2, 0]
	[0, 0, 2]

(22)  4 ≥ 
	[2, 0, 0]
	[2, 0, 0]
	[1, 1, 1]
	[1, 1, 1]
	[1, 1, 1]
	[1, 1, 1]
	[1, 1, 1]
	[1, 1, 1]
	[1, 1, 1]
	[0, 2, 0]
	[0, 0, 2]

(23)  2 ≥ 
	[1, 0, 0]
	[1, 0, 0]
	[1, 0, 0]
	[1, 0, 0]
	[1, 0, 0]
	[1, 0, 0]
	[0, 1, 0]
	[0, 1, 0]
	[0, 1, 0]
	[0, 1, 0]
	[0, 0, 1]

(24)  4 ≥ 
	[2, 0, 0]
	[2, 0, 0]
	[2, 0, 0]
	[2, 0, 0]
	[1, 1, 1]
	[0, 2, 0]
	[0, 2, 0]
	[0, 2, 0]
	[0, 0, 2]
	[0, 0, 2]
	[0, 0, 2]

(25)  4 ≥ 
	[2, 0, 0]
	[2, 0, 0]
	[2, 0, 0]
	[2, 0, 0]
	[2, 0, 0]
	[1, 1, 1]
	[0, 2, 0]
	[0, 2, 0]
	[0, 2, 0]
	[0, 0, 2]
	[0, 0, 2]

(26)  4 ≥ 
	[2, 0, 0]
	[2, 0, 0]
	[2, 0, 0]
	[1, 1, 1]
	[1, 1, 1]
	[1, 1, 1]
	[1, 1, 1]
	[0, 2, 0]
	[0, 2, 0]
	[0, 0, 2]
	[0, 0, 2]

(27)  2 ≥ 
	[1, 0, 0]
	[1, 0, 0]
	[1, 0, 0]
	[1, 0, 0]
	[1, 0, 0]
	[1, 0, 0]
	[0, 1, 0]
	[0, 1, 0]
	[0, 1, 0]
	[0, 0, 1]
	[0, 0, 1]

(28)  4 ≥ 
	[2, 0, 0]
	[2, 0, 0]
	[1, 1, 1]
	[1, 1, 1]
	[1, 1, 1]
	[1, 1, 1]
	[1, 1, 1]
	[0, 2, 0]
	[0, 2, 0]
	[0, 0, 2]
	[0, 0, 2]

(29)  4 ≥ 
	[2, 0, 0]
	[2, 0, 0]
	[2, 0, 0]
	[2, 0, 0]
	[2, 0, 0]
	[2, 0, 0]
	[2, 0, 0]
	[2, 0, 0]
	[1, 1, 1]
	[0, 2, 0]
	[0, 0, 2]

(30)  4 ≥ 
	[2, 0, 0]
	[2, 0, 0]
	[2, 0, 0]
	[2, 0, 0]
	[2, 0, 0]
	[2, 0, 0]
	[2, 0, 0]
	[1, 1, 1]
	[1, 1, 1]
	[0, 2, 0]
	[0, 0, 2]

(31)  2 ≥ 
	[1, 0, 0]
	[1, 0, 0]
	[1, 0, 0]
	[1, 0, 0]
	[1, 0, 0]
	[1, 0, 0]
	[1, 0, 0]
	[0, 1, 0]
	[0, 1, 0]
	[0, 0, 1]
	[0, 0, 1]

(32)  4 ≥ 
	[2, 0, 0]
	[2, 0, 0]
	[2, 0, 0]
	[1, 1, 1]
	[1, 1, 1]
	[1, 1, 1]
	[1, 1, 1]
	[0, 2, 0]
	[0, 2, 0]
	[0, 2, 0]
	[0, 0, 2]

(33)  4 ≥ 
	[2, 0, 0]
	[2, 0, 0]
	[2, 0, 0]
	[2, 0, 0]
	[1, 1, 1]
	[1, 1, 1]
	[0, 2, 0]
	[0, 2, 0]
	[0, 2, 0]
	[0, 0, 2]
	[0, 0, 2]

(34)  4 ≥ 
	[2, 0, 0]
	[2, 0, 0]
	[2, 0, 0]
	[2, 0, 0]
	[2, 0, 0]
	[2, 0, 0]
	[1, 1, 1]
	[0, 2, 0]
	[0, 2, 0]
	[0, 0, 2]
	[0, 0, 2]

(35)  4 ≥ 
	[2, 0, 0]
	[2, 0, 0]
	[1, 1, 1]
	[1, 1, 1]
	[1, 1, 1]
	[1, 1, 1]
	[1, 1, 1]
	[1, 1, 1]
	[0, 2, 0]
	[0, 2, 0]
	[0, 0, 2]

(36)  2 ≥ 
	[1, 0, 0]
	[1, 0, 0]
	[1, 0, 0]
	[1, 0, 0]
	[1, 0, 0]
	[1, 0, 0]
	[1, 0, 0]
	[0, 1, 0]
	[0, 1, 0]
	[0, 1, 0]
	[0, 0, 1]

(37)  1 ≥ 
	[1, 0, 0]
	[1, 0, 0]
	[1, 0, 0]
	[1, 0, 0]
	[1, 0, 0]
	[1, 0, 0]
	[1, 0, 0]
	[1, 0, 0]
	[1, 0, 0]
	[1, 0, 0]
	[0, 0, 0]

(38)  4 ≥ 
	[2, 0, 0]
	[2, 0, 0]
	[2, 0, 0]
	[2, 0, 0]
	[2, 0, 0]
	[1, 1, 1]
	[1, 1, 1]
	[1, 1, 1]
	[0, 2, 0]
	[0, 2, 0]
	[0, 0, 2]

(39)  4 ≥ 
	[2, 0, 0]
	[1, 1, 1]
	[1, 1, 1]
	[1, 1, 1]
	[1, 1, 1]
	[1, 1, 1]
	[1, 1, 1]
	[1, 1, 1]
	[1, 1, 1]
	[0, 2, 0]
	[0, 0, 2]

(40)  2 ≥ 
	[1, 0, 0]
	[1, 0, 0]
	[1, 0, 0]
	[1, 0, 0]
	[1, 0, 0]
	[0, 1, 0]
	[0, 1, 0]
	[0, 1, 0]
	[0, 1, 0]
	[0, 1, 0]
	[0, 0, 1]

(41)  4 ≥ 
	[2, 0, 0]
	[2, 0, 0]
	[2, 0, 0]
	[2, 0, 0]
	[2, 0, 0]
	[2, 0, 0]
	[2, 0, 0]
	[1, 1, 1]
	[0, 2, 0]
	[0, 2, 0]
	[0, 0, 2]

(42)  4 ≥ 
	[2, 0, 0]
	[2, 0, 0]
	[2, 0, 0]
	[2, 0, 0]
	[2, 0, 0]
	[1, 1, 1]
	[1, 1, 1]
	[0, 2, 0]
	[0, 2, 0]
	[0, 0, 2]
	[0, 0, 2]

