(1)  2 ≥ 
	[1, 0, 0]
	[1, 0, 0]
	[1, 0, 0]
	[1, 0, 0]
	[1, 0, 0]
	[0, 1, 0]
	[0, 1, 0]
	[0, 1, 0]
	[0, 0, 1]

(2)  4 ≥ 
	[2, 0, 0]
	[2, 0, 0]
	[2, 0, 0]
	[2, 0, 0]
	[1, 1, 1]
	[0, 2, 0]
	[0, 2, 0]
	[0, 2, 0]
	[0, 0, 2]

(3)  2 ≥ 
	[1, 0, 0]
	[1, 0, 0]
	[1, 0, 0]
	[1, 0, 0]
	[1, 0, 0]
	[0, 1, 0]
	[0, 1, 0]
	[0, 0, 1]
	[0, 0, 1]

(4)  4 ≥ 
	[2, 0, 0]
	[2, 0, 0]
	[2, 0, 0]
	[2, 0, 0]
	[2, 0, 0]
	[2, 0, 0]
	[1, 1, 1]
	[0, 2, 0]
	[0, 0, 2]

(5)  2 ≥ 
	[1, 0, 0]
	[1, 0, 0]
	[1, 0, 0]
	[1, 0, 0]
	[0, 1, 0]
	[0, 1, 0]
	[0, 1, 0]
	[0, 1, 0]
	[0, 0, 1]

(6)  4 ≥ 
	[2, 0, 0]
	[2, 0, 0]
	[2, 0, 0]
	[2, 0, 0]
	[1, 1, 1]
	[1, 1, 1]
	[1, 1, 1]
	[0, 2, 0]
	[0, 0, 2]

(7)  4 ≥ 
	[2, 0, 0]
	[2, 0, 0]
	[2, 0, 0]
	[2, 0, 0]
	[2, 0, 0]
	[1, 1, 1]
	[0, 2, 0]
	[0, 2, 0]
	[0, 0, 2]

(8)  4 ≥ 
	[2, 0, 0]
	[2, 0, 0]
	[2, 0, 0]
	[2, 0, 0]
	[1, 1, 1]
	[0, 2, 0]
	[0, 2, 0]
	[0, 0, 2]
	[0, 0, 2]

(9)  2 ≥ 
	[1, 0, 0]
	[1, 0, 0]
	[1, 0, 0]
	[1, 0, 0]
	[0, 1, 0]
	[0, 1, 0]
	[0, 1, 0]
	[0, 0, 1]
	[0, 0, 1]

(10)  4 ≥ 
	[2, 0, 0]
	[2, 0, 0]
	[2, 0, 0]
	[1, 1, 1]
	[1, 1, 1]
	[1, 1, 1]
	[0, 2, 0]
	[0, 2, 0]
	[0, 0, 2]

(11)  4 ≥ 
	[2, 0, 0]
	[1, 1, 1]
	[1, 1, 1]
	[1, 1, 1]
	[1, 1, 1]
	[1, 1, 1]
	[1, 1, 1]
	[0, 2, 0]
	[0, 0, 2]

(12)  4 ≥ 
	[2, 0, 0]
	[2, 0, 0]
	[2, 0, 0]
	[1, 1, 1]
	[1, 1, 1]
	[0, 2, 0]
	[0, 2, 0]
	[0, 0, 2]
	[0, 0, 2]

(13)  2 ≥ 
	[1, 0, 0]
	[1, 0, 0]
	[1, 0, 0]
	[1, 0, 0]
	[1, 0, 0]
	[1, 0, 0]
	[1, 0, 0]
	[0, 1, 0]
	[0, 0, 1]

(14)  4 ≥ 
	[2, 0, 0]
	[2, 0, 0]
	[1, 1, 1]
	[1, 1, 1]
	[1, 1, 1]
	[1, 1, 1]
	[0, 2, 0]
	[0, 2, 0]
	[0, 0, 2]

(15)  4 ≥ 
	[2, 0, 0]
	[2, 0, 0]
	[2, 0, 0]
	[1, 1, 1]
	[1, 1, 1]
	[0, 2, 0]
	[0, 2, 0]
	[0, 2, 0]
	[0, 0, 2]

(16)  4 ≥ 
	[2, 0, 0]
	[2, 0, 0]
	[2, 0, 0]
	[2, 0, 0]
	[2, 0, 0]
	[1, 1, 1]
	[1, 1, 1]
	[0, 2, 0]
	[0, 0, 2]

(17)  2 ≥ 
	[1, 0, 0]
	[1, 0, 0]
	[1, 0, 0]
	[1, 0, 0]
	[1, 0, 0]
	[1, 0, 0]
	[0, 1, 0]
	[0, 1, 0]
	[0, 0, 1]

(18)  4 ≥ 
	[2, 0, 0]
	[2, 0, 0]
	[2, 0, 0]
	[2, 0, 0]
	[1, 1, 1]
	[1, 1, 1]
	[0, 2, 0]
	[0, 2, 0]
	[0, 0, 2]

(19)  4 ≥ 
	[2, 0, 0]
	[2, 0, 0]
	[1, 1, 1]
	[1, 1, 1]
	[1, 1, 1]
	[1, 1, 1]
	[1, 1, 1]
	[0, 2, 0]
	[0, 0, 2]

(20)  1 ≥ 
	[1, 0, 0]
	[1, 0, 0]
	[1, 0, 0]
	[1, 0, 0]
	[1, 0, 0]
	[1, 0, 0]
	[1, 0, 0]
	[1, 0, 0]
	[0, 0, 0]

(21)  4 ≥ 
	[2, 0, 0]
	[2, 0, 0]
	[2, 0, 0]
	[1, 1, 1]
	[0, 2, 0]
	[0, 2, 0]
	[0, 2, 0]
	[0, 0, 2]
	[0, 0, 2]

(22)  2 ≥ 
	[1, 0, 0]
	[1, 0, 0]
	[1, 0, 0]
	[0, 1, 0]
	[0, 1, 0]
	[0, 1, 0]
	[0, 0, 1]
	[0, 0, 1]
	[0, 0, 1]

(23)  4 ≥ 
	[2, 0, 0]
	[2, 0, 0]
	[2, 0, 0]
	[1, 1, 1]
	[1, 1, 1]
	[1, 1, 1]
	[1, 1, 1]
	[0, 2, 0]
	[0, 0, 2]

(24)  4 ≥ 
	[2, 0, 0]
	[2, 0, 0]
	[1, 1, 1]
	[1, 1, 1]
	[1, 1, 1]
	[0, 2, 0]
	[0, 2, 0]
	[0, 0, 2]
	[0, 0, 2]

