(1)  4 ≥ 
	[2, 0, 0]
	[2, 0, 0]
	[2, 0, 0]
	[1, 1, 1]
	[0, 2, 0]
	[0, 2, 0]
	[0, 0, 2]

(2)  2 ≥ 
	[1, 0, 0]
	[1, 0, 0]
	[1, 0, 0]
	[0, 1, 0]
	[0, 1, 0]
	[0, 0, 1]
	[0, 0, 1]

(3)  4 ≥ 
	[2, 0, 0]
	[2, 0, 0]
	[2, 0, 0]
	[1, 1, 1]
	[1, 1, 1]
	[0, 2, 0]
	[0, 0, 2]

(4)  4 ≥ 
	[2, 0, 0]
	[1, 1, 1]
	[1, 1, 1]
	[1, 1, 1]
	[1, 1, 1]
	[0, 2, 0]
	[0, 0, 2]

(5)  2 ≥ 
	[1, 0, 0]
	[1, 0, 0]
	[1, 0, 0]
	[1, 0, 0]
	[1, 0, 0]
	[0, 1, 0]
	[0, 0, 1]

(6)  4 ≥ 
	[2, 0, 0]
	[2, 0, 0]
	[1, 1, 1]
	[1, 1, 1]
	[0, 2, 0]
	[0, 2, 0]
	[0, 0, 2]

(7)  2 ≥ 
	[1, 0, 0]
	[1, 0, 0]
	[1, 0, 0]
	[0, 1, 0]
	[0, 1, 0]
	[0, 1, 0]
	[0, 0, 1]

(8)  1 ≥ 
	[1, 0, 0]
	[1, 0, 0]
	[1, 0, 0]
	[1, 0, 0]
	[1, 0, 0]
	[1, 0, 0]
	[0, 0, 0]

(9)  2 ≥ 
	[1, 0, 0]
	[1, 0, 0]
	[1, 0, 0]
	[1, 0, 0]
	[0, 1, 0]
	[0, 1, 0]
	[0, 0, 1]

(10)  4 ≥ 
	[2, 0, 0]
	[2, 0, 0]
	[2, 0, 0]
	[2, 0, 0]
	[1, 1, 1]
	[0, 2, 0]
	[0, 0, 2]

(11)  4 ≥ 
	[2, 0, 0]
	[2, 0, 0]
	[1, 1, 1]
	[1, 1, 1]
	[1, 1, 1]
	[0, 2, 0]
	[0, 0, 2]

(12)  4 ≥ 
	[2, 0, 0]
	[2, 0, 0]
	[1, 1, 1]
	[0, 2, 0]
	[0, 2, 0]
	[0, 0, 2]
	[0, 0, 2]

