(1)  9 ≥ 
	[4, 1, 0, 0]
	[3, 0, 2, 1]
	[2, 1, 2, 2]
	[1, 3, 1, 1]
	[0, 1, 4, 0]
	[0, 0, 0, 4]

(2)  7 ≥ 
	[3, 1, 0, 0]
	[2, 0, 2, 1]
	[2, 0, 2, 1]
	[1, 2, 1, 1]
	[0, 1, 3, 0]
	[0, 0, 0, 3]

(3)  8 ≥ 
	[4, 0, 0, 0]
	[2, 2, 2, 0]
	[2, 2, 2, 0]
	[1, 1, 1, 2]
	[0, 4, 0, 0]
	[0, 0, 4, 0]

(4)  10 ≥ 
	[4, 2, 0, 0]
	[3, 3, 1, 0]
	[3, 0, 1, 3]
	[2, 2, 2, 2]
	[0, 3, 0, 3]
	[0, 0, 4, 0]

(5)  5 ≥ 
	[2, 1, 0, 0]
	[1, 1, 1, 1]
	[1, 1, 1, 1]
	[1, 0, 2, 0]
	[0, 2, 1, 0]
	[0, 0, 0, 2]

(6)  4 ≥ 
	[2, 0, 0, 0]
	[1, 1, 1, 0]
	[1, 1, 1, 0]
	[0, 2, 0, 0]
	[0, 0, 1, 1]
	[0, 0, 1, 1]

(7)  6 ≥ 
	[3, 0, 0, 0]
	[1, 1, 1, 1]
	[1, 1, 1, 1]
	[0, 3, 0, 0]
	[0, 0, 3, 0]
	[0, 0, 0, 3]

(8)  4 ≥ 
	[2, 0, 0, 0]
	[1, 1, 1, 0]
	[1, 0, 0, 1]
	[1, 0, 0, 1]
	[0, 2, 0, 0]
	[0, 0, 2, 0]

(9)  2 ≥ 
	[1, 0, 0, 0]
	[1, 0, 0, 0]
	[1, 0, 0, 0]
	[0, 1, 0, 0]
	[0, 0, 1, 0]
	[0, 0, 0, 1]

(10)  2 ≥ 
	[1, 0, 0, 0]
	[1, 0, 0, 0]
	[1, 0, 0, 0]
	[1, 0, 0, 0]
	[0, 1, 0, 0]
	[0, 0, 1, 0]

(11)  4 ≥ 
	[2, 0, 0, 0]
	[2, 0, 0, 0]
	[1, 1, 1, 0]
	[1, 1, 1, 0]
	[0, 2, 0, 0]
	[0, 0, 1, 1]

(12)  8 ≥ 
	[4, 0, 0, 0]
	[2, 2, 1, 1]
	[1, 1, 3, 0]
	[0, 4, 0, 0]
	[0, 0, 1, 3]
	[0, 0, 1, 3]

(13)  2 ≥ 
	[1, 0, 0, 0]
	[1, 0, 0, 0]
	[0, 1, 0, 0]
	[0, 1, 0, 0]
	[0, 0, 1, 0]
	[0, 0, 0, 1]

(14)  7 ≥ 
	[3, 1, 0, 0]
	[2, 0, 2, 1]
	[1, 2, 1, 1]
	[1, 1, 1, 2]
	[0, 1, 3, 0]
	[0, 0, 0, 3]

(15)  9 ≥ 
	[4, 1, 0, 0]
	[4, 0, 1, 0]
	[2, 2, 1, 2]
	[1, 1, 3, 1]
	[0, 4, 1, 0]
	[0, 0, 0, 4]

(16)  7 ≥ 
	[3, 1, 0, 0]
	[3, 1, 0, 0]
	[2, 0, 2, 1]
	[1, 2, 1, 1]
	[0, 1, 3, 0]
	[0, 0, 0, 3]

(17)  8 ≥ 
	[4, 0, 0, 0]
	[3, 1, 1, 0]
	[2, 2, 1, 1]
	[1, 1, 0, 3]
	[0, 4, 0, 0]
	[0, 0, 3, 1]

(18)  8 ≥ 
	[4, 0, 0, 0]
	[2, 2, 2, 0]
	[1, 1, 1, 2]
	[1, 1, 1, 2]
	[0, 4, 0, 0]
	[0, 0, 4, 0]

(19)  9 ≥ 
	[3, 3, 0, 0]
	[3, 0, 3, 0]
	[2, 2, 2, 1]
	[2, 2, 2, 1]
	[0, 3, 3, 0]
	[0, 0, 0, 3]

(20)  4 ≥ 
	[2, 0, 0, 0]
	[1, 1, 1, 0]
	[1, 1, 1, 0]
	[1, 1, 1, 0]
	[0, 2, 0, 0]
	[0, 0, 2, 0]

(21)  4 ≥ 
	[2, 0, 0, 0]
	[1, 1, 1, 0]
	[1, 1, 1, 0]
	[1, 1, 0, 1]
	[0, 2, 0, 0]
	[0, 0, 1, 1]

(22)  7 ≥ 
	[3, 1, 0, 0]
	[2, 0, 2, 1]
	[1, 2, 1, 1]
	[0, 1, 3, 0]
	[0, 0, 0, 3]
	[0, 0, 0, 3]

(23)  10 ≥ 
	[4, 2, 0, 0]
	[3, 0, 3, 1]
	[2, 2, 2, 2]
	[2, 2, 2, 2]
	[0, 2, 4, 0]
	[0, 0, 0, 4]

(24)  8 ≥ 
	[4, 0, 0, 0]
	[3, 1, 1, 0]
	[2, 2, 1, 1]
	[1, 1, 3, 0]
	[0, 4, 0, 0]
	[0, 0, 1, 3]

(25)  3 ≥ 
	[1, 1, 0, 0]
	[1, 1, 0, 0]
	[1, 0, 1, 0]
	[1, 0, 1, 0]
	[0, 1, 1, 0]
	[0, 0, 0, 1]

(26)  3 ≥ 
	[1, 1, 0, 0]
	[1, 1, 0, 0]
	[1, 0, 1, 0]
	[0, 1, 1, 0]
	[0, 0, 0, 1]
	[0, 0, 0, 1]

(27)  6 ≥ 
	[3, 0, 0, 0]
	[3, 0, 0, 0]
	[1, 1, 1, 1]
	[0, 3, 0, 0]
	[0, 0, 3, 0]
	[0, 0, 0, 3]

(28)  10 ≥ 
	[4, 2, 0, 0]
	[3, 0, 3, 1]
	[2, 3, 1, 1]
	[2, 2, 2, 2]
	[0, 2, 4, 0]
	[0, 0, 0, 4]

(29)  4 ≥ 
	[2, 0, 0, 0]
	[1, 1, 1, 0]
	[1, 0, 0, 1]
	[0, 2, 0, 0]
	[0, 1, 0, 1]
	[0, 0, 2, 0]

(30)  5 ≥ 
	[2, 1, 0, 0]
	[2, 0, 1, 0]
	[1, 1, 1, 1]
	[0, 2, 1, 0]
	[0, 0, 0, 2]
	[0, 0, 0, 2]

(31)  4 ≥ 
	[2, 0, 0, 0]
	[2, 0, 0, 0]
	[2, 0, 0, 0]
	[1, 1, 1, 0]
	[0, 2, 0, 0]
	[0, 0, 2, 0]

(32)  10 ≥ 
	[4, 2, 0, 0]
	[3, 0, 3, 1]
	[2, 2, 2, 2]
	[2, 2, 2, 2]
	[0, 3, 3, 0]
	[0, 0, 0, 4]

(33)  5 ≥ 
	[2, 1, 0, 0]
	[2, 0, 1, 0]
	[1, 1, 1, 1]
	[1, 1, 1, 1]
	[0, 2, 1, 0]
	[0, 0, 0, 2]

(34)  10 ≥ 
	[4, 2, 0, 0]
	[3, 0, 3, 1]
	[2, 2, 2, 2]
	[1, 3, 2, 1]
	[0, 3, 3, 0]
	[0, 0, 0, 4]

(35)  4 ≥ 
	[2, 0, 0, 0]
	[2, 0, 0, 0]
	[1, 1, 1, 0]
	[1, 1, 1, 0]
	[0, 2, 0, 0]
	[0, 0, 2, 0]

(36)  10 ≥ 
	[4, 2, 0, 0]
	[3, 0, 3, 1]
	[2, 2, 2, 2]
	[0, 2, 4, 0]
	[0, 0, 0, 4]
	[0, 0, 0, 4]

(37)  8 ≥ 
	[4, 0, 0, 0]
	[2, 2, 1, 1]
	[2, 2, 1, 1]
	[1, 1, 3, 0]
	[0, 4, 0, 0]
	[0, 0, 1, 3]

(38)  10 ≥ 
	[4, 2, 0, 0]
	[4, 2, 0, 0]
	[3, 0, 3, 1]
	[2, 2, 2, 2]
	[0, 2, 4, 0]
	[0, 0, 0, 4]

(39)  9 ≥ 
	[3, 3, 0, 0]
	[3, 3, 0, 0]
	[3, 0, 3, 0]
	[2, 2, 2, 1]
	[0, 3, 3, 0]
	[0, 0, 0, 3]

(40)  7 ≥ 
	[3, 1, 0, 0]
	[3, 0, 1, 0]
	[2, 2, 0, 1]
	[1, 1, 2, 1]
	[0, 3, 1, 0]
	[0, 0, 0, 3]

(41)  5 ≥ 
	[2, 1, 0, 0]
	[2, 1, 0, 0]
	[2, 0, 1, 0]
	[1, 1, 1, 1]
	[0, 1, 2, 0]
	[0, 0, 0, 2]

(42)  5 ≥ 
	[2, 1, 0, 0]
	[2, 1, 0, 0]
	[1, 1, 1, 1]
	[1, 0, 2, 0]
	[0, 1, 2, 0]
	[0, 0, 0, 2]

(43)  10 ≥ 
	[4, 2, 0, 0]
	[3, 0, 3, 1]
	[3, 0, 3, 1]
	[2, 2, 2, 2]
	[0, 3, 3, 0]
	[0, 0, 0, 4]

(44)  3 ≥ 
	[1, 1, 0, 0]
	[1, 1, 0, 0]
	[1, 1, 0, 0]
	[1, 0, 1, 0]
	[0, 1, 1, 0]
	[0, 0, 0, 1]

(45)  9 ≥ 
	[4, 1, 0, 0]
	[2, 2, 2, 1]
	[2, 0, 0, 3]
	[1, 1, 1, 3]
	[0, 4, 0, 1]
	[0, 0, 4, 0]

(46)  5 ≥ 
	[2, 1, 0, 0]
	[1, 1, 1, 1]
	[1, 0, 2, 0]
	[0, 2, 1, 0]
	[0, 0, 0, 2]
	[0, 0, 0, 2]

(47)  10 ≥ 
	[4, 2, 0, 0]
	[3, 3, 0, 0]
	[3, 0, 3, 1]
	[2, 2, 2, 2]
	[0, 2, 4, 0]
	[0, 0, 0, 4]

(48)  4 ≥ 
	[2, 0, 0, 0]
	[1, 1, 1, 0]
	[1, 1, 0, 1]
	[0, 2, 0, 0]
	[0, 0, 1, 1]
	[0, 0, 1, 1]

(49)  9 ≥ 
	[3, 3, 0, 0]
	[3, 0, 3, 0]
	[2, 2, 2, 1]
	[0, 3, 3, 0]
	[0, 0, 0, 3]
	[0, 0, 0, 3]

(50)  10 ≥ 
	[4, 2, 0, 0]
	[4, 0, 2, 0]
	[3, 3, 0, 1]
	[2, 2, 2, 2]
	[0, 3, 3, 0]
	[0, 0, 0, 4]

(51)  7 ≥ 
	[3, 1, 0, 0]
	[2, 0, 2, 1]
	[1, 2, 1, 1]
	[1, 2, 1, 1]
	[0, 1, 3, 0]
	[0, 0, 0, 3]

(52)  7 ≥ 
	[3, 1, 0, 0]
	[2, 2, 1, 0]
	[2, 0, 0, 2]
	[1, 1, 1, 2]
	[0, 3, 0, 1]
	[0, 0, 3, 0]

(53)  4 ≥ 
	[2, 0, 0, 0]
	[1, 1, 1, 0]
	[0, 2, 0, 0]
	[0, 0, 1, 1]
	[0, 0, 1, 1]
	[0, 0, 1, 1]

(54)  4 ≥ 
	[2, 0, 0, 0]
	[2, 0, 0, 0]
	[1, 1, 1, 0]
	[0, 2, 0, 0]
	[0, 2, 0, 0]
	[0, 0, 2, 0]

(55)  4 ≥ 
	[2, 0, 0, 0]
	[2, 0, 0, 0]
	[1, 1, 1, 0]
	[0, 2, 0, 0]
	[0, 0, 1, 1]
	[0, 0, 1, 1]

(56)  10 ≥ 
	[4, 2, 0, 0]
	[3, 0, 3, 1]
	[2, 2, 2, 2]
	[0, 3, 3, 0]
	[0, 3, 3, 0]
	[0, 0, 0, 4]

(57)  8 ≥ 
	[4, 0, 0, 0]
	[4, 0, 0, 0]
	[2, 2, 2, 0]
	[1, 1, 1, 2]
	[0, 4, 0, 0]
	[0, 0, 4, 0]

(58)  8 ≥ 
	[4, 0, 0, 0]
	[2, 2, 1, 1]
	[1, 1, 3, 0]
	[0, 4, 0, 0]
	[0, 0, 3, 1]
	[0, 0, 1, 3]

(59)  10 ≥ 
	[4, 2, 0, 0]
	[3, 3, 1, 0]
	[3, 0, 0, 3]
	[2, 2, 2, 2]
	[0, 4, 0, 2]
	[0, 0, 4, 0]

(60)  10 ≥ 
	[4, 2, 0, 0]
	[3, 0, 3, 1]
	[3, 0, 3, 1]
	[2, 2, 2, 2]
	[0, 2, 4, 0]
	[0, 0, 0, 4]

(61)  5 ≥ 
	[2, 1, 0, 0]
	[2, 0, 1, 0]
	[1, 2, 0, 0]
	[1, 1, 1, 1]
	[0, 1, 2, 0]
	[0, 0, 0, 2]

(62)  3 ≥ 
	[1, 1, 0, 0]
	[1, 0, 1, 0]
	[0, 1, 1, 0]
	[0, 0, 0, 1]
	[0, 0, 0, 1]
	[0, 0, 0, 1]

(63)  8 ≥ 
	[4, 0, 0, 0]
	[2, 2, 1, 1]
	[1, 1, 3, 0]
	[1, 1, 0, 3]
	[0, 4, 0, 0]
	[0, 0, 3, 1]

(64)  4 ≥ 
	[2, 0, 0, 0]
	[2, 0, 0, 0]
	[2, 0, 0, 0]
	[1, 1, 1, 0]
	[0, 2, 0, 0]
	[0, 0, 1, 1]

(65)  2 ≥ 
	[1, 0, 0, 0]
	[1, 0, 0, 0]
	[1, 0, 0, 0]
	[0, 1, 0, 0]
	[0, 1, 0, 0]
	[0, 0, 1, 0]

(66)  7 ≥ 
	[3, 1, 0, 0]
	[2, 2, 0, 0]
	[2, 0, 2, 1]
	[1, 2, 1, 1]
	[0, 1, 3, 0]
	[0, 0, 0, 3]

(67)  10 ≥ 
	[4, 2, 0, 0]
	[4, 2, 0, 0]
	[3, 0, 3, 1]
	[2, 2, 2, 2]
	[0, 3, 3, 0]
	[0, 0, 0, 4]

(68)  4 ≥ 
	[2, 0, 0, 0]
	[2, 0, 0, 0]
	[1, 1, 1, 0]
	[0, 2, 0, 0]
	[0, 1, 0, 1]
	[0, 0, 2, 0]

(69)  2 ≥ 
	[1, 0, 0, 0]
	[1, 0, 0, 0]
	[0, 1, 0, 0]
	[0, 1, 0, 0]
	[0, 0, 1, 0]
	[0, 0, 1, 0]

(70)  4 ≥ 
	[2, 0, 0, 0]
	[2, 0, 0, 0]
	[1, 1, 1, 0]
	[0, 2, 0, 0]
	[0, 2, 0, 0]
	[0, 0, 1, 1]

(71)  8 ≥ 
	[4, 0, 0, 0]
	[4, 0, 0, 0]
	[2, 2, 1, 1]
	[1, 1, 3, 0]
	[0, 4, 0, 0]
	[0, 0, 1, 3]

(72)  5 ≥ 
	[2, 1, 0, 0]
	[2, 1, 0, 0]
	[2, 0, 1, 0]
	[1, 1, 1, 1]
	[0, 2, 1, 0]
	[0, 0, 0, 2]

(73)  5 ≥ 
	[2, 1, 0, 0]
	[2, 0, 1, 0]
	[1, 1, 1, 1]
	[0, 2, 1, 0]
	[0, 1, 2, 0]
	[0, 0, 0, 2]

(74)  5 ≥ 
	[2, 1, 0, 0]
	[2, 1, 0, 0]
	[1, 1, 1, 1]
	[1, 0, 2, 0]
	[0, 2, 1, 0]
	[0, 0, 0, 2]

(75)  4 ≥ 
	[2, 0, 0, 0]
	[1, 1, 1, 0]
	[1, 1, 1, 0]
	[1, 0, 0, 1]
	[0, 2, 0, 0]
	[0, 0, 2, 0]

(76)  10 ≥ 
	[4, 2, 0, 0]
	[3, 0, 3, 1]
	[2, 2, 2, 2]
	[0, 3, 3, 0]
	[0, 0, 0, 4]
	[0, 0, 0, 4]

(77)  8 ≥ 
	[4, 0, 0, 0]
	[2, 2, 1, 1]
	[1, 1, 3, 0]
	[1, 1, 3, 0]
	[0, 4, 0, 0]
	[0, 0, 1, 3]

(78)  4 ≥ 
	[2, 0, 0, 0]
	[1, 1, 1, 0]
	[1, 1, 1, 0]
	[1, 1, 1, 0]
	[0, 2, 0, 0]
	[0, 0, 1, 1]

(79)  14 ≥ 
	[6, 2, 0, 0]
	[4, 0, 4, 2]
	[3, 2, 3, 3]
	[2, 4, 2, 2]
	[0, 2, 6, 0]
	[0, 0, 0, 6]

(80)  1 ≥ 
	[1, 0, 0, 0]
	[1, 0, 0, 0]
	[1, 0, 0, 0]
	[1, 0, 0, 0]
	[1, 0, 0, 0]
	[0, 0, 0, 0]

(81)  4 ≥ 
	[2, 0, 0, 0]
	[2, 0, 0, 0]
	[1, 1, 1, 0]
	[1, 0, 0, 1]
	[0, 2, 0, 0]
	[0, 0, 2, 0]

(82)  10 ≥ 
	[4, 2, 0, 0]
	[4, 0, 2, 0]
	[3, 3, 0, 1]
	[2, 2, 2, 2]
	[0, 4, 2, 0]
	[0, 0, 0, 4]

(83)  5 ≥ 
	[2, 1, 0, 0]
	[2, 0, 1, 0]
	[1, 2, 0, 0]
	[1, 1, 1, 1]
	[0, 2, 1, 0]
	[0, 0, 0, 2]

(84)  4 ≥ 
	[2, 0, 0, 0]
	[2, 0, 0, 0]
	[1, 1, 1, 0]
	[1, 1, 0, 1]
	[0, 2, 0, 0]
	[0, 0, 1, 1]

(85)  8 ≥ 
	[4, 0, 0, 0]
	[2, 2, 2, 0]
	[2, 0, 0, 2]
	[1, 1, 1, 2]
	[0, 4, 0, 0]
	[0, 0, 4, 0]

