(1)  9 ≥ 
	[3, 3, 0, 0]
	[3, 0, 3, 0]
	[2, 2, 2, 1]
	[0, 3, 3, 0]
	[0, 0, 0, 3]

(2)  7 ≥ 
	[3, 1, 0, 0]
	[2, 0, 2, 1]
	[1, 2, 1, 1]
	[0, 1, 3, 0]
	[0, 0, 0, 3]

(3)  8 ≥ 
	[4, 0, 0, 0]
	[2, 2, 1, 1]
	[1, 1, 3, 0]
	[0, 4, 0, 0]
	[0, 0, 1, 3]

(4)  4 ≥ 
	[2, 0, 0, 0]
	[1, 1, 1, 0]
	[0, 2, 0, 0]
	[0, 0, 1, 1]
	[0, 0, 1, 1]

(5)  5 ≥ 
	[2, 1, 0, 0]
	[2, 0, 1, 0]
	[1, 1, 1, 1]
	[0, 2, 1, 0]
	[0, 0, 0, 2]

(6)  4 ≥ 
	[2, 0, 0, 0]
	[2, 0, 0, 0]
	[1, 1, 1, 0]
	[0, 2, 0, 0]
	[0, 0, 2, 0]

(7)  2 ≥ 
	[1, 0, 0, 0]
	[1, 0, 0, 0]
	[1, 0, 0, 0]
	[0, 1, 0, 0]
	[0, 0, 1, 0]

(8)  2 ≥ 
	[1, 0, 0, 0]
	[1, 0, 0, 0]
	[0, 1, 0, 0]
	[0, 1, 0, 0]
	[0, 0, 1, 0]

(9)  4 ≥ 
	[2, 0, 0, 0]
	[1, 1, 1, 0]
	[1, 1, 1, 0]
	[0, 2, 0, 0]
	[0, 0, 1, 1]

(10)  10 ≥ 
	[4, 2, 0, 0]
	[3, 0, 3, 1]
	[2, 2, 2, 2]
	[0, 3, 3, 0]
	[0, 0, 0, 4]

(11)  3 ≥ 
	[1, 1, 0, 0]
	[1, 1, 0, 0]
	[1, 0, 1, 0]
	[0, 1, 1, 0]
	[0, 0, 0, 1]

(12)  8 ≥ 
	[4, 0, 0, 0]
	[2, 2, 2, 0]
	[1, 1, 1, 2]
	[0, 4, 0, 0]
	[0, 0, 4, 0]

(13)  4 ≥ 
	[2, 0, 0, 0]
	[1, 1, 1, 0]
	[1, 1, 1, 0]
	[0, 2, 0, 0]
	[0, 0, 2, 0]

(14)  4 ≥ 
	[2, 0, 0, 0]
	[2, 0, 0, 0]
	[1, 1, 1, 0]
	[0, 2, 0, 0]
	[0, 0, 1, 1]

(15)  5 ≥ 
	[2, 1, 0, 0]
	[1, 1, 1, 1]
	[1, 0, 2, 0]
	[0, 2, 1, 0]
	[0, 0, 0, 2]

(16)  10 ≥ 
	[4, 2, 0, 0]
	[3, 0, 3, 1]
	[2, 2, 2, 2]
	[0, 2, 4, 0]
	[0, 0, 0, 4]

(17)  3 ≥ 
	[1, 1, 0, 0]
	[1, 0, 1, 0]
	[0, 1, 1, 0]
	[0, 0, 0, 1]
	[0, 0, 0, 1]

(18)  2 ≥ 
	[1, 0, 0, 0]
	[1, 0, 0, 0]
	[0, 1, 0, 0]
	[0, 0, 1, 0]
	[0, 0, 0, 1]

(19)  6 ≥ 
	[3, 0, 0, 0]
	[1, 1, 1, 1]
	[0, 3, 0, 0]
	[0, 0, 3, 0]
	[0, 0, 0, 3]

(20)  1 ≥ 
	[1, 0, 0, 0]
	[1, 0, 0, 0]
	[1, 0, 0, 0]
	[1, 0, 0, 0]
	[0, 0, 0, 0]

(21)  4 ≥ 
	[2, 0, 0, 0]
	[1, 1, 1, 0]
	[1, 0, 0, 1]
	[0, 2, 0, 0]
	[0, 0, 2, 0]

(22)  4 ≥ 
	[2, 0, 0, 0]
	[1, 1, 1, 0]
	[1, 1, 0, 1]
	[0, 2, 0, 0]
	[0, 0, 1, 1]

