(1)  5 ≥ 
	[2, 1, 0, 0]
	[2, 1, 0, 0]
	[2, 0, 1, 0]
	[1, 1, 1, 1]
	[0, 2, 1, 0]
	[0, 0, 0, 2]
	[0, 0, 0, 2]

(2)  2 ≥ 
	[1, 0, 0, 0]
	[1, 0, 0, 0]
	[1, 0, 0, 0]
	[1, 0, 0, 0]
	[0, 1, 0, 0]
	[0, 0, 1, 0]
	[0, 0, 0, 1]

(3)  4 ≥ 
	[2, 0, 0, 0]
	[2, 0, 0, 0]
	[1, 1, 1, 0]
	[1, 1, 1, 0]
	[1, 1, 1, 0]
	[0, 2, 0, 0]
	[0, 0, 1, 1]

(4)  8 ≥ 
	[4, 0, 0, 0]
	[2, 2, 1, 1]
	[1, 1, 3, 0]
	[1, 1, 3, 0]
	[1, 1, 0, 3]
	[0, 4, 0, 0]
	[0, 0, 3, 1]

(5)  8 ≥ 
	[4, 0, 0, 0]
	[2, 2, 1, 1]
	[1, 1, 3, 0]
	[1, 1, 3, 0]
	[1, 1, 3, 0]
	[0, 4, 0, 0]
	[0, 0, 1, 3]

(6)  7 ≥ 
	[3, 1, 0, 0]
	[2, 2, 1, 0]
	[2, 0, 0, 2]
	[1, 1, 1, 2]
	[0, 3, 0, 1]
	[0, 0, 3, 0]
	[0, 0, 3, 0]

(7)  6 ≥ 
	[3, 0, 0, 0]
	[3, 0, 0, 0]
	[3, 0, 0, 0]
	[1, 1, 1, 1]
	[0, 3, 0, 0]
	[0, 0, 3, 0]
	[0, 0, 0, 3]

(8)  4 ≥ 
	[2, 0, 0, 0]
	[1, 1, 1, 0]
	[1, 1, 1, 0]
	[1, 0, 0, 1]
	[1, 0, 0, 1]
	[0, 2, 0, 0]
	[0, 0, 2, 0]

(9)  10 ≥ 
	[4, 2, 0, 0]
	[3, 3, 0, 0]
	[3, 0, 3, 1]
	[2, 2, 2, 2]
	[0, 3, 3, 0]
	[0, 2, 4, 0]
	[0, 0, 0, 4]

(10)  7 ≥ 
	[3, 1, 0, 0]
	[2, 0, 2, 1]
	[1, 2, 1, 1]
	[1, 1, 1, 2]
	[0, 1, 3, 0]
	[0, 0, 0, 3]
	[0, 0, 0, 3]

(11)  4 ≥ 
	[2, 0, 0, 0]
	[2, 0, 0, 0]
	[1, 1, 1, 0]
	[1, 0, 0, 1]
	[1, 0, 0, 1]
	[0, 2, 0, 0]
	[0, 0, 2, 0]

(12)  5 ≥ 
	[2, 1, 0, 0]
	[2, 1, 0, 0]
	[1, 2, 0, 0]
	[1, 1, 1, 1]
	[1, 0, 2, 0]
	[0, 1, 2, 0]
	[0, 0, 0, 2]

(13)  8 ≥ 
	[4, 0, 0, 0]
	[2, 2, 1, 1]
	[2, 2, 1, 1]
	[1, 1, 3, 0]
	[0, 4, 0, 0]
	[0, 0, 1, 3]
	[0, 0, 1, 3]

(14)  4 ≥ 
	[2, 0, 0, 0]
	[2, 0, 0, 0]
	[1, 1, 1, 0]
	[1, 0, 0, 1]
	[0, 2, 0, 0]
	[0, 2, 0, 0]
	[0, 0, 2, 0]

(15)  3 ≥ 
	[1, 1, 0, 0]
	[1, 1, 0, 0]
	[1, 1, 0, 0]
	[1, 0, 1, 0]
	[0, 1, 1, 0]
	[0, 0, 0, 1]
	[0, 0, 0, 1]

(16)  8 ≥ 
	[4, 0, 0, 0]
	[4, 0, 0, 0]
	[2, 2, 1, 1]
	[1, 1, 3, 0]
	[1, 1, 3, 0]
	[0, 4, 0, 0]
	[0, 0, 1, 3]

(17)  10 ≥ 
	[4, 2, 0, 0]
	[3, 3, 1, 0]
	[3, 3, 1, 0]
	[3, 0, 1, 3]
	[2, 2, 2, 2]
	[0, 3, 0, 3]
	[0, 0, 4, 0]

(18)  10 ≥ 
	[4, 2, 0, 0]
	[3, 0, 3, 1]
	[3, 0, 3, 1]
	[2, 2, 2, 2]
	[2, 2, 2, 2]
	[0, 3, 3, 0]
	[0, 0, 0, 4]

(19)  4 ≥ 
	[2, 0, 0, 0]
	[2, 0, 0, 0]
	[1, 1, 1, 0]
	[1, 1, 1, 0]
	[0, 2, 0, 0]
	[0, 1, 0, 1]
	[0, 0, 2, 0]

(20)  8 ≥ 
	[4, 0, 0, 0]
	[3, 1, 1, 0]
	[3, 1, 1, 0]
	[2, 2, 1, 1]
	[1, 1, 0, 3]
	[0, 4, 0, 0]
	[0, 0, 3, 1]

(21)  10 ≥ 
	[4, 2, 0, 0]
	[3, 3, 1, 0]
	[3, 0, 1, 3]
	[2, 2, 2, 2]
	[1, 3, 1, 2]
	[0, 3, 0, 3]
	[0, 0, 4, 0]

(22)  4 ≥ 
	[2, 0, 0, 0]
	[2, 0, 0, 0]
	[1, 1, 1, 0]
	[0, 2, 0, 0]
	[0, 2, 0, 0]
	[0, 0, 2, 0]
	[0, 0, 2, 0]

(23)  8 ≥ 
	[4, 0, 0, 0]
	[2, 2, 1, 1]
	[1, 1, 3, 0]
	[1, 1, 3, 0]
	[0, 4, 0, 0]
	[0, 0, 3, 1]
	[0, 0, 1, 3]

(24)  5 ≥ 
	[2, 1, 0, 0]
	[2, 0, 1, 0]
	[1, 2, 0, 0]
	[1, 1, 1, 1]
	[1, 0, 2, 0]
	[0, 2, 1, 0]
	[0, 0, 0, 2]

(25)  9 ≥ 
	[4, 1, 0, 0]
	[4, 1, 0, 0]
	[3, 0, 2, 1]
	[2, 1, 2, 2]
	[1, 3, 1, 1]
	[0, 1, 4, 0]
	[0, 0, 0, 4]

(26)  5 ≥ 
	[2, 1, 0, 0]
	[1, 1, 1, 1]
	[1, 1, 1, 1]
	[1, 0, 2, 0]
	[0, 2, 1, 0]
	[0, 0, 0, 2]
	[0, 0, 0, 2]

(27)  5 ≥ 
	[2, 1, 0, 0]
	[2, 1, 0, 0]
	[2, 0, 1, 0]
	[1, 1, 1, 1]
	[1, 1, 1, 1]
	[0, 1, 2, 0]
	[0, 0, 0, 2]

(28)  5 ≥ 
	[2, 1, 0, 0]
	[2, 1, 0, 0]
	[2, 0, 1, 0]
	[1, 1, 1, 1]
	[0, 2, 1, 0]
	[0, 1, 2, 0]
	[0, 0, 0, 2]

(29)  5 ≥ 
	[2, 1, 0, 0]
	[2, 1, 0, 0]
	[2, 0, 1, 0]
	[1, 1, 1, 1]
	[0, 1, 2, 0]
	[0, 1, 2, 0]
	[0, 0, 0, 2]

(30)  7 ≥ 
	[3, 1, 0, 0]
	[3, 0, 1, 0]
	[2, 2, 0, 1]
	[1, 3, 0, 0]
	[1, 1, 2, 1]
	[0, 2, 2, 0]
	[0, 0, 0, 3]

(31)  9 ≥ 
	[4, 1, 0, 0]
	[2, 2, 2, 1]
	[2, 0, 0, 3]
	[2, 0, 0, 3]
	[1, 1, 1, 3]
	[0, 4, 0, 1]
	[0, 0, 4, 0]

(32)  7 ≥ 
	[3, 1, 0, 0]
	[2, 2, 0, 0]
	[2, 0, 2, 1]
	[1, 2, 1, 1]
	[1, 0, 3, 0]
	[0, 2, 2, 0]
	[0, 0, 0, 3]

(33)  8 ≥ 
	[4, 0, 0, 0]
	[3, 1, 1, 0]
	[2, 2, 1, 1]
	[1, 1, 3, 0]
	[1, 1, 0, 3]
	[0, 4, 0, 0]
	[0, 0, 1, 3]

(34)  10 ≥ 
	[4, 2, 0, 0]
	[3, 3, 1, 0]
	[3, 0, 1, 3]
	[2, 2, 2, 2]
	[0, 3, 0, 3]
	[0, 3, 0, 3]
	[0, 0, 4, 0]

(35)  10 ≥ 
	[4, 2, 0, 0]
	[4, 0, 2, 0]
	[3, 3, 0, 1]
	[2, 2, 2, 2]
	[0, 3, 3, 0]
	[0, 0, 0, 4]
	[0, 0, 0, 4]

(36)  10 ≥ 
	[4, 2, 0, 0]
	[4, 2, 0, 0]
	[3, 0, 3, 1]
	[2, 2, 2, 2]
	[2, 2, 2, 2]
	[0, 2, 4, 0]
	[0, 0, 0, 4]

(37)  14 ≥ 
	[6, 2, 0, 0]
	[4, 0, 4, 2]
	[3, 2, 3, 3]
	[3, 2, 3, 3]
	[2, 4, 2, 2]
	[0, 2, 6, 0]
	[0, 0, 0, 6]

(38)  7 ≥ 
	[3, 1, 0, 0]
	[2, 2, 0, 0]
	[2, 0, 2, 1]
	[1, 2, 1, 1]
	[0, 1, 3, 0]
	[0, 0, 0, 3]
	[0, 0, 0, 3]

(39)  9 ≥ 
	[3, 3, 0, 0]
	[3, 0, 3, 0]
	[2, 2, 2, 1]
	[0, 3, 3, 0]
	[0, 0, 0, 3]
	[0, 0, 0, 3]
	[0, 0, 0, 3]

(40)  10 ≥ 
	[4, 2, 0, 0]
	[3, 0, 3, 1]
	[3, 0, 3, 1]
	[2, 3, 1, 1]
	[2, 2, 2, 2]
	[0, 2, 4, 0]
	[0, 0, 0, 4]

(41)  10 ≥ 
	[4, 2, 0, 0]
	[4, 0, 2, 0]
	[3, 3, 0, 1]
	[2, 4, 0, 0]
	[2, 2, 2, 2]
	[0, 4, 2, 0]
	[0, 0, 0, 4]

(42)  8 ≥ 
	[4, 0, 0, 0]
	[2, 2, 1, 1]
	[1, 1, 3, 0]
	[0, 4, 0, 0]
	[0, 0, 3, 1]
	[0, 0, 1, 3]
	[0, 0, 1, 3]

(43)  9 ≥ 
	[4, 1, 0, 0]
	[4, 1, 0, 0]
	[2, 1, 2, 2]
	[1, 3, 1, 1]
	[1, 0, 4, 0]
	[0, 1, 4, 0]
	[0, 0, 0, 4]

(44)  10 ≥ 
	[4, 2, 0, 0]
	[4, 2, 0, 0]
	[3, 0, 3, 1]
	[2, 2, 2, 2]
	[0, 3, 3, 0]
	[0, 3, 3, 0]
	[0, 0, 0, 4]

(45)  8 ≥ 
	[4, 0, 0, 0]
	[4, 0, 0, 0]
	[2, 2, 1, 1]
	[1, 1, 3, 0]
	[0, 4, 0, 0]
	[0, 0, 3, 1]
	[0, 0, 1, 3]

(46)  10 ≥ 
	[4, 2, 0, 0]
	[4, 2, 0, 0]
	[3, 3, 1, 0]
	[3, 0, 0, 3]
	[2, 2, 2, 2]
	[0, 4, 0, 2]
	[0, 0, 4, 0]

(47)  7 ≥ 
	[3, 1, 0, 0]
	[3, 1, 0, 0]
	[3, 0, 1, 0]
	[2, 2, 0, 1]
	[1, 1, 2, 1]
	[0, 3, 1, 0]
	[0, 0, 0, 3]

(48)  8 ≥ 
	[4, 0, 0, 0]
	[3, 1, 1, 0]
	[3, 1, 0, 1]
	[2, 2, 1, 1]
	[1, 1, 0, 3]
	[0, 4, 0, 0]
	[0, 0, 3, 1]

(49)  4 ≥ 
	[2, 0, 0, 0]
	[2, 0, 0, 0]
	[1, 1, 1, 0]
	[0, 2, 0, 0]
	[0, 1, 0, 1]
	[0, 1, 0, 1]
	[0, 0, 2, 0]

(50)  7 ≥ 
	[3, 1, 0, 0]
	[2, 2, 0, 0]
	[2, 2, 0, 0]
	[2, 0, 2, 1]
	[1, 2, 1, 1]
	[0, 1, 3, 0]
	[0, 0, 0, 3]

(51)  10 ≥ 
	[4, 2, 0, 0]
	[4, 2, 0, 0]
	[4, 2, 0, 0]
	[3, 0, 3, 1]
	[2, 2, 2, 2]
	[0, 2, 4, 0]
	[0, 0, 0, 4]

(52)  4 ≥ 
	[2, 0, 0, 0]
	[2, 0, 0, 0]
	[1, 1, 1, 0]
	[0, 2, 0, 0]
	[0, 1, 0, 1]
	[0, 0, 2, 0]
	[0, 0, 1, 1]

(53)  7 ≥ 
	[3, 1, 0, 0]
	[2, 2, 0, 0]
	[2, 0, 2, 1]
	[1, 2, 1, 1]
	[0, 2, 2, 0]
	[0, 1, 3, 0]
	[0, 0, 0, 3]

(54)  8 ≥ 
	[4, 0, 0, 0]
	[3, 1, 1, 0]
	[2, 2, 1, 1]
	[1, 3, 1, 0]
	[1, 1, 3, 0]
	[0, 4, 0, 0]
	[0, 0, 1, 3]

(55)  10 ≥ 
	[4, 2, 0, 0]
	[3, 0, 3, 1]
	[2, 2, 2, 2]
	[2, 2, 2, 2]
	[1, 3, 2, 1]
	[0, 3, 3, 0]
	[0, 0, 0, 4]

(56)  7 ≥ 
	[3, 1, 0, 0]
	[3, 1, 0, 0]
	[2, 2, 0, 0]
	[2, 0, 2, 1]
	[1, 2, 1, 1]
	[0, 1, 3, 0]
	[0, 0, 0, 3]

(57)  10 ≥ 
	[4, 2, 0, 0]
	[4, 0, 2, 0]
	[3, 3, 0, 1]
	[3, 0, 3, 1]
	[2, 2, 2, 2]
	[0, 3, 3, 0]
	[0, 0, 0, 4]

(58)  10 ≥ 
	[4, 2, 0, 0]
	[3, 0, 3, 1]
	[3, 0, 3, 1]
	[3, 0, 3, 1]
	[2, 2, 2, 2]
	[0, 2, 4, 0]
	[0, 0, 0, 4]

(59)  10 ≥ 
	[4, 2, 0, 0]
	[4, 2, 0, 0]
	[3, 0, 3, 1]
	[2, 2, 2, 2]
	[0, 3, 3, 0]
	[0, 2, 4, 0]
	[0, 0, 0, 4]

(60)  7 ≥ 
	[3, 1, 0, 0]
	[2, 0, 2, 1]
	[1, 2, 1, 1]
	[1, 2, 1, 1]
	[1, 2, 1, 1]
	[0, 1, 3, 0]
	[0, 0, 0, 3]

(61)  5 ≥ 
	[2, 1, 0, 0]
	[2, 1, 0, 0]
	[1, 1, 1, 1]
	[1, 1, 1, 1]
	[1, 0, 2, 0]
	[0, 1, 2, 0]
	[0, 0, 0, 2]

(62)  10 ≥ 
	[4, 2, 0, 0]
	[3, 0, 3, 1]
	[3, 0, 3, 1]
	[2, 2, 2, 2]
	[1, 3, 2, 1]
	[0, 3, 3, 0]
	[0, 0, 0, 4]

(63)  10 ≥ 
	[4, 2, 0, 0]
	[3, 0, 3, 1]
	[2, 3, 1, 1]
	[2, 3, 1, 1]
	[2, 2, 2, 2]
	[0, 2, 4, 0]
	[0, 0, 0, 4]

(64)  8 ≥ 
	[4, 0, 0, 0]
	[4, 0, 0, 0]
	[2, 2, 2, 0]
	[2, 2, 2, 0]
	[1, 1, 1, 2]
	[0, 4, 0, 0]
	[0, 0, 4, 0]

(65)  8 ≥ 
	[4, 0, 0, 0]
	[3, 1, 1, 0]
	[2, 2, 1, 1]
	[2, 2, 1, 1]
	[1, 1, 0, 3]
	[0, 4, 0, 0]
	[0, 0, 3, 1]

(66)  8 ≥ 
	[4, 0, 0, 0]
	[3, 1, 1, 0]
	[2, 2, 1, 1]
	[1, 1, 0, 3]
	[1, 1, 0, 3]
	[0, 4, 0, 0]
	[0, 0, 3, 1]

(67)  8 ≥ 
	[4, 0, 0, 0]
	[2, 2, 1, 1]
	[1, 1, 3, 0]
	[1, 1, 0, 3]
	[0, 4, 0, 0]
	[0, 0, 3, 1]
	[0, 0, 3, 1]

(68)  10 ≥ 
	[4, 2, 0, 0]
	[4, 2, 0, 0]
	[4, 0, 2, 0]
	[3, 3, 0, 1]
	[2, 2, 2, 2]
	[0, 3, 3, 0]
	[0, 0, 0, 4]

(69)  4 ≥ 
	[2, 0, 0, 0]
	[2, 0, 0, 0]
	[1, 1, 1, 0]
	[1, 1, 1, 0]
	[1, 1, 1, 0]
	[0, 2, 0, 0]
	[0, 0, 2, 0]

(70)  8 ≥ 
	[4, 0, 0, 0]
	[2, 2, 1, 1]
	[2, 2, 1, 1]
	[1, 1, 3, 0]
	[0, 4, 0, 0]
	[0, 0, 3, 1]
	[0, 0, 1, 3]

(71)  9 ≥ 
	[4, 1, 0, 0]
	[4, 0, 1, 0]
	[2, 2, 1, 2]
	[1, 1, 3, 1]
	[1, 1, 1, 3]
	[0, 4, 1, 0]
	[0, 0, 0, 4]

(72)  7 ≥ 
	[3, 1, 0, 0]
	[3, 1, 0, 0]
	[3, 1, 0, 0]
	[2, 0, 2, 1]
	[1, 2, 1, 1]
	[0, 1, 3, 0]
	[0, 0, 0, 3]

(73)  2 ≥ 
	[1, 0, 0, 0]
	[1, 0, 0, 0]
	[1, 0, 0, 0]
	[0, 1, 0, 0]
	[0, 1, 0, 0]
	[0, 0, 1, 0]
	[0, 0, 1, 0]

(74)  5 ≥ 
	[2, 1, 0, 0]
	[2, 1, 0, 0]
	[2, 1, 0, 0]
	[2, 0, 1, 0]
	[1, 1, 1, 1]
	[0, 2, 1, 0]
	[0, 0, 0, 2]

(75)  10 ≥ 
	[4, 2, 0, 0]
	[3, 0, 3, 1]
	[2, 2, 2, 2]
	[1, 3, 2, 1]
	[0, 3, 3, 0]
	[0, 3, 3, 0]
	[0, 0, 0, 4]

(76)  9 ≥ 
	[4, 1, 0, 0]
	[4, 0, 1, 0]
	[2, 2, 1, 2]
	[1, 1, 3, 1]
	[0, 4, 1, 0]
	[0, 0, 0, 4]
	[0, 0, 0, 4]

(77)  9 ≥ 
	[3, 3, 0, 0]
	[3, 0, 3, 0]
	[2, 2, 2, 1]
	[2, 2, 2, 1]
	[0, 3, 3, 0]
	[0, 0, 0, 3]
	[0, 0, 0, 3]

(78)  8 ≥ 
	[4, 0, 0, 0]
	[2, 2, 1, 1]
	[2, 2, 1, 1]
	[2, 2, 1, 1]
	[1, 1, 3, 0]
	[0, 4, 0, 0]
	[0, 0, 1, 3]

(79)  4 ≥ 
	[2, 0, 0, 0]
	[2, 0, 0, 0]
	[2, 0, 0, 0]
	[1, 1, 1, 0]
	[1, 1, 1, 0]
	[0, 2, 0, 0]
	[0, 0, 2, 0]

(80)  10 ≥ 
	[4, 2, 0, 0]
	[3, 3, 1, 0]
	[3, 0, 1, 3]
	[3, 0, 1, 3]
	[2, 2, 2, 2]
	[0, 3, 0, 3]
	[0, 0, 4, 0]

(81)  9 ≥ 
	[4, 1, 0, 0]
	[2, 2, 2, 1]
	[2, 2, 2, 1]
	[2, 0, 0, 3]
	[1, 1, 1, 3]
	[0, 4, 0, 1]
	[0, 0, 4, 0]

(82)  9 ≥ 
	[4, 1, 0, 0]
	[3, 0, 2, 1]
	[2, 1, 2, 2]
	[1, 3, 1, 1]
	[1, 1, 1, 3]
	[0, 1, 4, 0]
	[0, 0, 0, 4]

(83)  7 ≥ 
	[3, 1, 0, 0]
	[2, 0, 2, 1]
	[1, 2, 1, 1]
	[1, 2, 1, 1]
	[1, 1, 1, 2]
	[0, 1, 3, 0]
	[0, 0, 0, 3]

(84)  10 ≥ 
	[4, 2, 0, 0]
	[3, 3, 0, 0]
	[3, 3, 0, 0]
	[3, 0, 3, 1]
	[2, 2, 2, 2]
	[0, 2, 4, 0]
	[0, 0, 0, 4]

(85)  5 ≥ 
	[2, 1, 0, 0]
	[2, 0, 1, 0]
	[1, 2, 0, 0]
	[1, 1, 1, 1]
	[1, 1, 1, 1]
	[0, 1, 2, 0]
	[0, 0, 0, 2]

(86)  8 ≥ 
	[4, 0, 0, 0]
	[4, 0, 0, 0]
	[2, 2, 1, 1]
	[1, 3, 1, 0]
	[1, 1, 0, 3]
	[0, 4, 0, 0]
	[0, 0, 3, 1]

(87)  9 ≥ 
	[4, 1, 0, 0]
	[3, 0, 2, 1]
	[2, 1, 2, 2]
	[1, 3, 1, 1]
	[0, 3, 2, 0]
	[0, 1, 4, 0]
	[0, 0, 0, 4]

(88)  5 ≥ 
	[2, 1, 0, 0]
	[2, 1, 0, 0]
	[2, 0, 1, 0]
	[1, 1, 1, 1]
	[0, 1, 2, 0]
	[0, 0, 0, 2]
	[0, 0, 0, 2]

(89)  10 ≥ 
	[4, 2, 0, 0]
	[3, 0, 3, 1]
	[3, 0, 3, 1]
	[3, 0, 3, 1]
	[2, 2, 2, 2]
	[0, 3, 3, 0]
	[0, 0, 0, 4]

(90)  8 ≥ 
	[4, 0, 0, 0]
	[4, 0, 0, 0]
	[2, 2, 1, 1]
	[1, 3, 1, 0]
	[1, 1, 3, 0]
	[0, 4, 0, 0]
	[0, 0, 1, 3]

(91)  5 ≥ 
	[2, 1, 0, 0]
	[2, 1, 0, 0]
	[2, 0, 1, 0]
	[1, 1, 1, 1]
	[0, 2, 1, 0]
	[0, 2, 1, 0]
	[0, 0, 0, 2]

(92)  7 ≥ 
	[3, 1, 0, 0]
	[2, 2, 1, 0]
	[2, 2, 1, 0]
	[2, 0, 0, 2]
	[1, 1, 1, 2]
	[0, 3, 0, 1]
	[0, 0, 3, 0]

(93)  4 ≥ 
	[2, 0, 0, 0]
	[1, 1, 1, 0]
	[0, 2, 0, 0]
	[0, 0, 1, 1]
	[0, 0, 1, 1]
	[0, 0, 1, 1]
	[0, 0, 1, 1]

(94)  7 ≥ 
	[3, 1, 0, 0]
	[2, 0, 2, 1]
	[1, 2, 1, 1]
	[0, 1, 3, 0]
	[0, 0, 0, 3]
	[0, 0, 0, 3]
	[0, 0, 0, 3]

(95)  5 ≥ 
	[2, 1, 0, 0]
	[2, 0, 1, 0]
	[1, 1, 1, 1]
	[0, 2, 1, 0]
	[0, 0, 0, 2]
	[0, 0, 0, 2]
	[0, 0, 0, 2]

(96)  4 ≥ 
	[2, 0, 0, 0]
	[2, 0, 0, 0]
	[1, 1, 1, 0]
	[0, 2, 0, 0]
	[0, 2, 0, 0]
	[0, 0, 1, 1]
	[0, 0, 1, 1]

(97)  4 ≥ 
	[2, 0, 0, 0]
	[1, 1, 1, 0]
	[1, 1, 1, 0]
	[1, 1, 1, 0]
	[1, 0, 0, 1]
	[0, 2, 0, 0]
	[0, 0, 2, 0]

(98)  7 ≥ 
	[3, 1, 0, 0]
	[2, 2, 0, 0]
	[2, 0, 2, 1]
	[2, 0, 2, 1]
	[1, 2, 1, 1]
	[0, 1, 3, 0]
	[0, 0, 0, 3]

(99)  4 ≥ 
	[2, 0, 0, 0]
	[2, 0, 0, 0]
	[2, 0, 0, 0]
	[1, 1, 1, 0]
	[1, 0, 0, 1]
	[0, 2, 0, 0]
	[0, 0, 2, 0]

(100)  7 ≥ 
	[3, 1, 0, 0]
	[2, 0, 2, 1]
	[2, 0, 2, 1]
	[2, 0, 2, 1]
	[1, 2, 1, 1]
	[0, 1, 3, 0]
	[0, 0, 0, 3]

(101)  4 ≥ 
	[2, 0, 0, 0]
	[1, 1, 1, 0]
	[1, 1, 1, 0]
	[1, 1, 0, 1]
	[0, 2, 0, 0]
	[0, 0, 1, 1]
	[0, 0, 1, 1]

(102)  7 ≥ 
	[3, 1, 0, 0]
	[3, 1, 0, 0]
	[2, 0, 2, 1]
	[1, 2, 1, 1]
	[1, 0, 3, 0]
	[0, 2, 2, 0]
	[0, 0, 0, 3]

(103)  10 ≥ 
	[4, 2, 0, 0]
	[3, 3, 1, 0]
	[3, 0, 0, 3]
	[2, 2, 2, 2]
	[0, 4, 0, 2]
	[0, 0, 4, 0]
	[0, 0, 4, 0]

(104)  4 ≥ 
	[2, 0, 0, 0]
	[1, 1, 1, 0]
	[1, 1, 1, 0]
	[1, 1, 1, 0]
	[0, 2, 0, 0]
	[0, 0, 1, 1]
	[0, 0, 1, 1]

(105)  10 ≥ 
	[4, 2, 0, 0]
	[3, 0, 3, 1]
	[3, 0, 3, 1]
	[2, 2, 2, 2]
	[0, 3, 3, 0]
	[0, 0, 0, 4]
	[0, 0, 0, 4]

(106)  9 ≥ 
	[4, 1, 0, 0]
	[4, 0, 1, 0]
	[2, 2, 1, 2]
	[1, 1, 3, 1]
	[1, 1, 3, 1]
	[0, 4, 1, 0]
	[0, 0, 0, 4]

(107)  10 ≥ 
	[4, 2, 0, 0]
	[3, 0, 3, 1]
	[2, 3, 1, 1]
	[2, 2, 2, 2]
	[1, 3, 2, 1]
	[0, 2, 4, 0]
	[0, 0, 0, 4]

(108)  8 ≥ 
	[4, 0, 0, 0]
	[4, 0, 0, 0]
	[4, 0, 0, 0]
	[2, 2, 2, 0]
	[1, 1, 1, 2]
	[0, 4, 0, 0]
	[0, 0, 4, 0]

(109)  8 ≥ 
	[4, 0, 0, 0]
	[4, 0, 0, 0]
	[2, 2, 2, 0]
	[1, 1, 1, 2]
	[0, 4, 0, 0]
	[0, 2, 0, 2]
	[0, 0, 4, 0]

(110)  7 ≥ 
	[3, 1, 0, 0]
	[2, 0, 2, 1]
	[2, 0, 2, 1]
	[1, 2, 1, 1]
	[1, 1, 1, 2]
	[0, 1, 3, 0]
	[0, 0, 0, 3]

(111)  4 ≥ 
	[2, 0, 0, 0]
	[2, 0, 0, 0]
	[1, 1, 1, 0]
	[1, 1, 1, 0]
	[0, 2, 0, 0]
	[0, 2, 0, 0]
	[0, 0, 2, 0]

(112)  9 ≥ 
	[4, 1, 0, 0]
	[4, 1, 0, 0]
	[4, 0, 1, 0]
	[2, 1, 2, 2]
	[1, 3, 1, 1]
	[0, 1, 4, 0]
	[0, 0, 0, 4]

(113)  9 ≥ 
	[4, 1, 0, 0]
	[4, 0, 1, 0]
	[2, 2, 1, 2]
	[2, 0, 3, 0]
	[1, 1, 3, 1]
	[0, 4, 1, 0]
	[0, 0, 0, 4]

(114)  8 ≥ 
	[4, 0, 0, 0]
	[2, 2, 2, 0]
	[2, 2, 2, 0]
	[1, 1, 1, 2]
	[1, 1, 1, 2]
	[0, 4, 0, 0]
	[0, 0, 4, 0]

(115)  6 ≥ 
	[3, 0, 0, 0]
	[1, 1, 1, 1]
	[1, 1, 1, 1]
	[1, 1, 1, 1]
	[0, 3, 0, 0]
	[0, 0, 3, 0]
	[0, 0, 0, 3]

(116)  10 ≥ 
	[4, 2, 0, 0]
	[3, 3, 1, 0]
	[3, 0, 1, 3]
	[2, 2, 2, 2]
	[0, 3, 0, 3]
	[0, 0, 4, 0]
	[0, 0, 4, 0]

(117)  10 ≥ 
	[4, 2, 0, 0]
	[4, 2, 0, 0]
	[4, 0, 2, 0]
	[3, 0, 3, 1]
	[2, 2, 2, 2]
	[0, 2, 4, 0]
	[0, 0, 0, 4]

(118)  8 ≥ 
	[4, 0, 0, 0]
	[3, 1, 1, 0]
	[2, 2, 1, 1]
	[2, 2, 1, 1]
	[1, 1, 3, 0]
	[0, 4, 0, 0]
	[0, 0, 1, 3]

(119)  3 ≥ 
	[1, 1, 0, 0]
	[1, 1, 0, 0]
	[1, 1, 0, 0]
	[1, 1, 0, 0]
	[1, 0, 1, 0]
	[0, 1, 1, 0]
	[0, 0, 0, 1]

(120)  10 ≥ 
	[4, 2, 0, 0]
	[4, 2, 0, 0]
	[3, 0, 3, 1]
	[3, 0, 3, 1]
	[2, 2, 2, 2]
	[0, 3, 3, 0]
	[0, 0, 0, 4]

(121)  5 ≥ 
	[2, 1, 0, 0]
	[2, 0, 1, 0]
	[1, 1, 1, 1]
	[1, 1, 1, 1]
	[0, 2, 1, 0]
	[0, 0, 0, 2]
	[0, 0, 0, 2]

(122)  10 ≥ 
	[4, 2, 0, 0]
	[3, 3, 0, 0]
	[3, 0, 3, 1]
	[2, 2, 2, 2]
	[1, 3, 2, 1]
	[0, 2, 4, 0]
	[0, 0, 0, 4]

(123)  14 ≥ 
	[6, 2, 0, 0]
	[4, 4, 0, 0]
	[4, 0, 4, 2]
	[3, 2, 3, 3]
	[2, 4, 2, 2]
	[0, 2, 6, 0]
	[0, 0, 0, 6]

(124)  2 ≥ 
	[1, 0, 0, 0]
	[1, 0, 0, 0]
	[1, 0, 0, 0]
	[1, 0, 0, 0]
	[0, 1, 0, 0]
	[0, 1, 0, 0]
	[0, 0, 1, 0]

(125)  7 ≥ 
	[3, 1, 0, 0]
	[3, 1, 0, 0]
	[2, 2, 1, 0]
	[2, 0, 0, 2]
	[1, 1, 1, 2]
	[0, 3, 0, 1]
	[0, 0, 3, 0]

(126)  7 ≥ 
	[3, 1, 0, 0]
	[3, 1, 0, 0]
	[2, 0, 2, 1]
	[1, 2, 1, 1]
	[0, 2, 2, 0]
	[0, 1, 3, 0]
	[0, 0, 0, 3]

(127)  9 ≥ 
	[4, 1, 0, 0]
	[3, 0, 2, 1]
	[2, 1, 2, 2]
	[1, 3, 1, 1]
	[1, 3, 1, 1]
	[0, 1, 4, 0]
	[0, 0, 0, 4]

(128)  9 ≥ 
	[4, 1, 0, 0]
	[2, 2, 2, 1]
	[2, 0, 0, 3]
	[1, 1, 1, 3]
	[0, 4, 0, 1]
	[0, 0, 4, 0]
	[0, 0, 4, 0]

(129)  10 ≥ 
	[4, 2, 0, 0]
	[3, 3, 1, 0]
	[3, 0, 0, 3]
	[2, 4, 0, 0]
	[2, 2, 2, 2]
	[0, 3, 0, 3]
	[0, 0, 4, 0]

(130)  8 ≥ 
	[4, 0, 0, 0]
	[4, 0, 0, 0]
	[2, 2, 2, 0]
	[1, 1, 1, 2]
	[0, 4, 0, 0]
	[0, 4, 0, 0]
	[0, 0, 4, 0]

(131)  8 ≥ 
	[4, 0, 0, 0]
	[3, 1, 1, 0]
	[2, 2, 1, 1]
	[1, 1, 3, 0]
	[1, 1, 0, 3]
	[0, 4, 0, 0]
	[0, 0, 3, 1]

(132)  9 ≥ 
	[4, 1, 0, 0]
	[3, 2, 1, 0]
	[2, 2, 2, 1]
	[2, 0, 0, 3]
	[1, 1, 1, 3]
	[0, 4, 0, 1]
	[0, 0, 4, 0]

(133)  8 ≥ 
	[4, 0, 0, 0]
	[2, 2, 1, 1]
	[1, 1, 3, 0]
	[1, 1, 3, 0]
	[0, 4, 0, 0]
	[0, 0, 1, 3]
	[0, 0, 1, 3]

(134)  7 ≥ 
	[3, 1, 0, 0]
	[2, 2, 0, 0]
	[2, 0, 2, 1]
	[1, 2, 1, 1]
	[1, 1, 1, 2]
	[0, 1, 3, 0]
	[0, 0, 0, 3]

(135)  7 ≥ 
	[3, 1, 0, 0]
	[2, 2, 1, 0]
	[2, 0, 0, 2]
	[2, 0, 0, 2]
	[1, 1, 1, 2]
	[0, 3, 0, 1]
	[0, 0, 3, 0]

(136)  8 ≥ 
	[4, 0, 0, 0]
	[3, 1, 1, 0]
	[2, 2, 1, 1]
	[1, 3, 1, 0]
	[1, 1, 0, 3]
	[0, 4, 0, 0]
	[0, 0, 3, 1]

(137)  5 ≥ 
	[2, 1, 0, 0]
	[2, 1, 0, 0]
	[2, 0, 1, 0]
	[1, 2, 0, 0]
	[1, 1, 1, 1]
	[0, 1, 2, 0]
	[0, 0, 0, 2]

(138)  9 ≥ 
	[4, 1, 0, 0]
	[2, 3, 0, 0]
	[2, 1, 2, 2]
	[1, 3, 1, 1]
	[1, 0, 4, 0]
	[0, 3, 2, 0]
	[0, 0, 0, 4]

(139)  7 ≥ 
	[3, 1, 0, 0]
	[2, 2, 1, 0]
	[2, 0, 0, 2]
	[1, 1, 2, 1]
	[1, 1, 1, 2]
	[0, 3, 0, 1]
	[0, 0, 3, 0]

(140)  9 ≥ 
	[4, 1, 0, 0]
	[4, 1, 0, 0]
	[2, 1, 2, 2]
	[1, 3, 1, 1]
	[1, 0, 4, 0]
	[0, 3, 2, 0]
	[0, 0, 0, 4]

(141)  14 ≥ 
	[6, 2, 0, 0]
	[4, 0, 4, 2]
	[3, 2, 3, 3]
	[2, 4, 2, 2]
	[2, 4, 2, 2]
	[0, 2, 6, 0]
	[0, 0, 0, 6]

(142)  10 ≥ 
	[4, 2, 0, 0]
	[4, 2, 0, 0]
	[3, 3, 0, 0]
	[3, 0, 3, 1]
	[2, 2, 2, 2]
	[0, 2, 4, 0]
	[0, 0, 0, 4]

(143)  8 ≥ 
	[4, 0, 0, 0]
	[2, 2, 1, 1]
	[2, 2, 1, 1]
	[1, 1, 3, 0]
	[1, 1, 0, 3]
	[0, 4, 0, 0]
	[0, 0, 3, 1]

(144)  10 ≥ 
	[4, 2, 0, 0]
	[4, 0, 2, 0]
	[3, 3, 0, 1]
	[2, 2, 2, 2]
	[1, 2, 3, 1]
	[0, 3, 3, 0]
	[0, 0, 0, 4]

(145)  4 ≥ 
	[2, 0, 0, 0]
	[2, 0, 0, 0]
	[2, 0, 0, 0]
	[2, 0, 0, 0]
	[1, 1, 1, 0]
	[0, 2, 0, 0]
	[0, 0, 1, 1]

(146)  9 ≥ 
	[3, 3, 0, 0]
	[3, 3, 0, 0]
	[3, 0, 3, 0]
	[2, 2, 2, 1]
	[0, 3, 3, 0]
	[0, 0, 0, 3]
	[0, 0, 0, 3]

(147)  10 ≥ 
	[4, 2, 0, 0]
	[3, 3, 0, 0]
	[3, 0, 3, 1]
	[2, 2, 2, 2]
	[2, 0, 4, 0]
	[0, 3, 3, 0]
	[0, 0, 0, 4]

(148)  5 ≥ 
	[2, 1, 0, 0]
	[2, 1, 0, 0]
	[2, 1, 0, 0]
	[2, 0, 1, 0]
	[1, 1, 1, 1]
	[0, 1, 2, 0]
	[0, 0, 0, 2]

(149)  9 ≥ 
	[4, 1, 0, 0]
	[3, 0, 2, 1]
	[2, 1, 2, 2]
	[2, 0, 3, 1]
	[1, 3, 1, 1]
	[0, 1, 4, 0]
	[0, 0, 0, 4]

(150)  9 ≥ 
	[4, 1, 0, 0]
	[3, 0, 2, 1]
	[2, 1, 2, 2]
	[1, 3, 1, 1]
	[0, 1, 4, 0]
	[0, 0, 0, 4]
	[0, 0, 0, 4]

(151)  10 ≥ 
	[4, 2, 0, 0]
	[4, 2, 0, 0]
	[3, 0, 3, 1]
	[2, 2, 2, 2]
	[0, 2, 4, 0]
	[0, 2, 4, 0]
	[0, 0, 0, 4]

(152)  7 ≥ 
	[3, 1, 0, 0]
	[3, 0, 1, 0]
	[2, 2, 0, 1]
	[1, 1, 2, 1]
	[1, 1, 1, 2]
	[0, 3, 1, 0]
	[0, 0, 0, 3]

(153)  10 ≥ 
	[4, 2, 0, 0]
	[4, 0, 2, 0]
	[3, 3, 0, 1]
	[3, 0, 3, 0]
	[2, 2, 2, 2]
	[0, 4, 2, 0]
	[0, 0, 0, 4]

(154)  9 ≥ 
	[4, 1, 0, 0]
	[4, 1, 0, 0]
	[2, 1, 2, 2]
	[2, 0, 3, 1]
	[1, 3, 1, 1]
	[0, 1, 4, 0]
	[0, 0, 0, 4]

(155)  10 ≥ 
	[4, 2, 0, 0]
	[4, 2, 0, 0]
	[3, 0, 3, 1]
	[2, 2, 2, 2]
	[1, 3, 2, 1]
	[0, 2, 4, 0]
	[0, 0, 0, 4]

(156)  8 ≥ 
	[4, 0, 0, 0]
	[4, 0, 0, 0]
	[2, 2, 2, 0]
	[2, 0, 0, 2]
	[1, 1, 1, 2]
	[0, 4, 0, 0]
	[0, 0, 4, 0]

(157)  7 ≥ 
	[3, 1, 0, 0]
	[3, 1, 0, 0]
	[2, 0, 2, 1]
	[1, 2, 1, 1]
	[1, 0, 3, 0]
	[0, 1, 3, 0]
	[0, 0, 0, 3]

(158)  6 ≥ 
	[3, 0, 0, 0]
	[3, 0, 0, 0]
	[1, 1, 1, 1]
	[1, 1, 1, 1]
	[0, 3, 0, 0]
	[0, 0, 3, 0]
	[0, 0, 0, 3]

(159)  9 ≥ 
	[4, 1, 0, 0]
	[4, 0, 1, 0]
	[2, 2, 1, 2]
	[1, 4, 0, 0]
	[1, 1, 3, 1]
	[0, 4, 1, 0]
	[0, 0, 0, 4]

(160)  8 ≥ 
	[4, 0, 0, 0]
	[4, 0, 0, 0]
	[2, 2, 1, 1]
	[1, 1, 3, 0]
	[0, 4, 0, 0]
	[0, 4, 0, 0]
	[0, 0, 1, 3]

(161)  4 ≥ 
	[2, 0, 0, 0]
	[2, 0, 0, 0]
	[2, 0, 0, 0]
	[2, 0, 0, 0]
	[1, 1, 1, 0]
	[0, 2, 0, 0]
	[0, 0, 2, 0]

(162)  5 ≥ 
	[2, 1, 0, 0]
	[2, 1, 0, 0]
	[1, 1, 1, 1]
	[1, 0, 2, 0]
	[0, 2, 1, 0]
	[0, 1, 2, 0]
	[0, 0, 0, 2]

(163)  4 ≥ 
	[2, 0, 0, 0]
	[2, 0, 0, 0]
	[1, 1, 1, 0]
	[1, 0, 0, 1]
	[0, 2, 0, 0]
	[0, 1, 0, 1]
	[0, 0, 2, 0]

(164)  10 ≥ 
	[4, 2, 0, 0]
	[4, 2, 0, 0]
	[3, 3, 1, 0]
	[3, 0, 1, 3]
	[2, 2, 2, 2]
	[0, 3, 0, 3]
	[0, 0, 4, 0]

(165)  4 ≥ 
	[2, 0, 0, 0]
	[1, 1, 1, 0]
	[1, 1, 1, 0]
	[1, 1, 1, 0]
	[1, 1, 1, 0]
	[0, 2, 0, 0]
	[0, 0, 2, 0]

(166)  10 ≥ 
	[4, 2, 0, 0]
	[4, 0, 2, 0]
	[3, 3, 0, 1]
	[2, 2, 2, 2]
	[0, 3, 3, 0]
	[0, 3, 3, 0]
	[0, 0, 0, 4]

(167)  5 ≥ 
	[2, 1, 0, 0]
	[2, 0, 1, 0]
	[1, 2, 0, 0]
	[1, 1, 1, 1]
	[1, 1, 1, 1]
	[0, 2, 1, 0]
	[0, 0, 0, 2]

(168)  7 ≥ 
	[3, 1, 0, 0]
	[3, 0, 1, 0]
	[2, 2, 0, 1]
	[1, 3, 0, 0]
	[1, 1, 2, 1]
	[0, 3, 1, 0]
	[0, 0, 0, 3]

(169)  10 ≥ 
	[4, 2, 0, 0]
	[4, 2, 0, 0]
	[3, 0, 3, 1]
	[2, 2, 2, 2]
	[2, 0, 4, 0]
	[0, 3, 3, 0]
	[0, 0, 0, 4]

(170)  7 ≥ 
	[3, 1, 0, 0]
	[3, 1, 0, 0]
	[2, 0, 2, 1]
	[1, 2, 1, 1]
	[0, 1, 3, 0]
	[0, 1, 3, 0]
	[0, 0, 0, 3]

(171)  8 ≥ 
	[4, 0, 0, 0]
	[3, 1, 1, 0]
	[2, 2, 1, 1]
	[1, 3, 0, 1]
	[1, 1, 0, 3]
	[0, 4, 0, 0]
	[0, 0, 3, 1]

(172)  4 ≥ 
	[2, 0, 0, 0]
	[2, 0, 0, 0]
	[2, 0, 0, 0]
	[1, 1, 1, 0]
	[0, 2, 0, 0]
	[0, 1, 0, 1]
	[0, 0, 2, 0]

(173)  10 ≥ 
	[4, 2, 0, 0]
	[4, 0, 2, 0]
	[3, 3, 0, 1]
	[2, 2, 2, 2]
	[2, 1, 3, 1]
	[0, 4, 2, 0]
	[0, 0, 0, 4]

(174)  4 ≥ 
	[2, 0, 0, 0]
	[2, 0, 0, 0]
	[2, 0, 0, 0]
	[1, 1, 1, 0]
	[1, 1, 0, 1]
	[0, 2, 0, 0]
	[0, 0, 1, 1]

(175)  5 ≥ 
	[2, 1, 0, 0]
	[2, 1, 0, 0]
	[2, 1, 0, 0]
	[1, 1, 1, 1]
	[1, 0, 2, 0]
	[0, 2, 1, 0]
	[0, 0, 0, 2]

(176)  4 ≥ 
	[2, 0, 0, 0]
	[2, 0, 0, 0]
	[2, 0, 0, 0]
	[1, 1, 1, 0]
	[0, 2, 0, 0]
	[0, 0, 1, 1]
	[0, 0, 1, 1]

(177)  10 ≥ 
	[4, 2, 0, 0]
	[3, 0, 3, 1]
	[2, 2, 2, 2]
	[2, 2, 2, 2]
	[2, 2, 2, 2]
	[0, 2, 4, 0]
	[0, 0, 0, 4]

(178)  8 ≥ 
	[4, 0, 0, 0]
	[2, 2, 2, 0]
	[2, 0, 0, 2]
	[1, 1, 1, 2]
	[0, 4, 0, 0]
	[0, 2, 0, 2]
	[0, 0, 4, 0]

(179)  9 ≥ 
	[3, 3, 0, 0]
	[3, 3, 0, 0]
	[3, 0, 3, 0]
	[2, 2, 2, 1]
	[2, 2, 2, 1]
	[0, 3, 3, 0]
	[0, 0, 0, 3]

(180)  10 ≥ 
	[4, 2, 0, 0]
	[4, 0, 2, 0]
	[3, 3, 0, 1]
	[2, 2, 2, 2]
	[2, 2, 2, 2]
	[0, 4, 2, 0]
	[0, 0, 0, 4]

(181)  4 ≥ 
	[2, 0, 0, 0]
	[2, 0, 0, 0]
	[2, 0, 0, 0]
	[1, 1, 1, 0]
	[0, 2, 0, 0]
	[0, 2, 0, 0]
	[0, 0, 2, 0]

(182)  7 ≥ 
	[3, 1, 0, 0]
	[2, 2, 0, 0]
	[2, 0, 2, 1]
	[1, 2, 1, 1]
	[1, 2, 1, 1]
	[0, 1, 3, 0]
	[0, 0, 0, 3]

(183)  4 ≥ 
	[2, 0, 0, 0]
	[1, 1, 1, 0]
	[1, 1, 0, 1]
	[0, 2, 0, 0]
	[0, 0, 1, 1]
	[0, 0, 1, 1]
	[0, 0, 1, 1]

(184)  9 ≥ 
	[4, 1, 0, 0]
	[3, 0, 2, 1]
	[2, 1, 2, 2]
	[1, 3, 1, 1]
	[1, 0, 4, 0]
	[0, 3, 2, 0]
	[0, 0, 0, 4]

(185)  4 ≥ 
	[2, 0, 0, 0]
	[1, 1, 1, 0]
	[1, 1, 1, 0]
	[1, 1, 1, 0]
	[1, 1, 1, 0]
	[0, 2, 0, 0]
	[0, 0, 1, 1]

(186)  10 ≥ 
	[4, 2, 0, 0]
	[3, 0, 3, 1]
	[2, 2, 2, 2]
	[0, 2, 4, 0]
	[0, 0, 0, 4]
	[0, 0, 0, 4]
	[0, 0, 0, 4]

(187)  10 ≥ 
	[4, 2, 0, 0]
	[4, 0, 2, 0]
	[3, 3, 0, 1]
	[3, 3, 0, 1]
	[2, 2, 2, 2]
	[0, 4, 2, 0]
	[0, 0, 0, 4]

(188)  10 ≥ 
	[4, 2, 0, 0]
	[3, 0, 3, 1]
	[2, 2, 2, 2]
	[0, 3, 3, 0]
	[0, 3, 3, 0]
	[0, 3, 3, 0]
	[0, 0, 0, 4]

(189)  10 ≥ 
	[4, 2, 0, 0]
	[3, 3, 1, 0]
	[3, 0, 0, 3]
	[2, 2, 2, 2]
	[2, 1, 1, 3]
	[0, 4, 0, 2]
	[0, 0, 4, 0]

(190)  4 ≥ 
	[2, 0, 0, 0]
	[1, 1, 1, 0]
	[1, 0, 0, 1]
	[1, 0, 0, 1]
	[1, 0, 0, 1]
	[0, 2, 0, 0]
	[0, 0, 2, 0]

(191)  3 ≥ 
	[1, 1, 0, 0]
	[1, 1, 0, 0]
	[1, 0, 1, 0]
	[1, 0, 1, 0]
	[0, 1, 1, 0]
	[0, 0, 0, 1]
	[0, 0, 0, 1]

(192)  2 ≥ 
	[1, 0, 0, 0]
	[1, 0, 0, 0]
	[0, 1, 0, 0]
	[0, 1, 0, 0]
	[0, 0, 1, 0]
	[0, 0, 1, 0]
	[0, 0, 0, 1]

(193)  5 ≥ 
	[2, 1, 0, 0]
	[2, 1, 0, 0]
	[1, 1, 1, 1]
	[1, 0, 2, 0]
	[0, 2, 1, 0]
	[0, 0, 0, 2]
	[0, 0, 0, 2]

(194)  10 ≥ 
	[4, 2, 0, 0]
	[4, 2, 0, 0]
	[3, 0, 3, 1]
	[2, 2, 2, 2]
	[0, 2, 4, 0]
	[0, 0, 0, 4]
	[0, 0, 0, 4]

(195)  5 ≥ 
	[2, 1, 0, 0]
	[2, 1, 0, 0]
	[1, 1, 1, 1]
	[1, 0, 2, 0]
	[1, 0, 2, 0]
	[0, 2, 1, 0]
	[0, 0, 0, 2]

(196)  10 ≥ 
	[4, 2, 0, 0]
	[4, 0, 2, 0]
	[3, 3, 0, 1]
	[2, 4, 0, 0]
	[2, 2, 2, 2]
	[0, 3, 3, 0]
	[0, 0, 0, 4]

(197)  5 ≥ 
	[2, 1, 0, 0]
	[2, 1, 0, 0]
	[2, 0, 1, 0]
	[1, 1, 1, 1]
	[1, 0, 2, 0]
	[0, 2, 1, 0]
	[0, 0, 0, 2]

(198)  14 ≥ 
	[6, 2, 0, 0]
	[4, 0, 4, 2]
	[3, 2, 3, 3]
	[2, 4, 2, 2]
	[2, 2, 2, 4]
	[0, 2, 6, 0]
	[0, 0, 0, 6]

(199)  10 ≥ 
	[4, 2, 0, 0]
	[3, 3, 0, 0]
	[3, 0, 3, 1]
	[2, 3, 1, 1]
	[2, 2, 2, 2]
	[0, 2, 4, 0]
	[0, 0, 0, 4]

(200)  4 ≥ 
	[2, 0, 0, 0]
	[2, 0, 0, 0]
	[1, 1, 1, 0]
	[0, 2, 0, 0]
	[0, 0, 1, 1]
	[0, 0, 1, 1]
	[0, 0, 1, 1]

(201)  4 ≥ 
	[2, 0, 0, 0]
	[2, 0, 0, 0]
	[1, 1, 1, 0]
	[1, 1, 1, 0]
	[1, 1, 0, 1]
	[0, 2, 0, 0]
	[0, 0, 1, 1]

(202)  9 ≥ 
	[4, 1, 0, 0]
	[3, 0, 2, 1]
	[2, 1, 2, 2]
	[2, 1, 2, 2]
	[1, 3, 1, 1]
	[0, 1, 4, 0]
	[0, 0, 0, 4]

(203)  8 ≥ 
	[4, 0, 0, 0]
	[4, 0, 0, 0]
	[2, 2, 1, 1]
	[2, 2, 1, 1]
	[1, 1, 3, 0]
	[0, 4, 0, 0]
	[0, 0, 1, 3]

(204)  8 ≥ 
	[4, 0, 0, 0]
	[3, 1, 1, 0]
	[2, 2, 1, 1]
	[1, 1, 3, 0]
	[0, 4, 0, 0]
	[0, 0, 3, 1]
	[0, 0, 1, 3]

(205)  3 ≥ 
	[1, 1, 0, 0]
	[1, 0, 1, 0]
	[0, 1, 1, 0]
	[0, 0, 0, 1]
	[0, 0, 0, 1]
	[0, 0, 0, 1]
	[0, 0, 0, 1]

(206)  10 ≥ 
	[4, 2, 0, 0]
	[3, 0, 3, 1]
	[2, 2, 2, 2]
	[2, 2, 2, 2]
	[0, 3, 3, 0]
	[0, 3, 3, 0]
	[0, 0, 0, 4]

(207)  4 ≥ 
	[2, 0, 0, 0]
	[2, 0, 0, 0]
	[1, 1, 1, 0]
	[0, 2, 0, 0]
	[0, 2, 0, 0]
	[0, 0, 2, 0]
	[0, 0, 1, 1]

(208)  9 ≥ 
	[4, 1, 0, 0]
	[2, 2, 2, 1]
	[2, 0, 0, 3]
	[1, 1, 3, 1]
	[1, 1, 1, 3]
	[0, 4, 0, 1]
	[0, 0, 4, 0]

(209)  10 ≥ 
	[4, 2, 0, 0]
	[4, 0, 2, 0]
	[3, 3, 0, 1]
	[3, 3, 0, 1]
	[2, 2, 2, 2]
	[0, 3, 3, 0]
	[0, 0, 0, 4]

(210)  10 ≥ 
	[4, 2, 0, 0]
	[4, 2, 0, 0]
	[4, 0, 2, 0]
	[3, 3, 0, 1]
	[2, 2, 2, 2]
	[0, 4, 2, 0]
	[0, 0, 0, 4]

(211)  4 ≥ 
	[2, 0, 0, 0]
	[1, 1, 1, 0]
	[1, 1, 1, 0]
	[1, 1, 1, 0]
	[1, 1, 0, 1]
	[0, 2, 0, 0]
	[0, 0, 1, 1]

(212)  10 ≥ 
	[4, 2, 0, 0]
	[3, 0, 3, 1]
	[2, 3, 1, 1]
	[2, 2, 2, 2]
	[0, 2, 4, 0]
	[0, 0, 0, 4]
	[0, 0, 0, 4]

(213)  4 ≥ 
	[2, 0, 0, 0]
	[2, 0, 0, 0]
	[1, 1, 1, 0]
	[1, 1, 0, 1]
	[0, 2, 0, 0]
	[0, 0, 1, 1]
	[0, 0, 1, 1]

(214)  7 ≥ 
	[3, 1, 0, 0]
	[3, 1, 0, 0]
	[2, 0, 2, 1]
	[1, 2, 1, 1]
	[0, 1, 3, 0]
	[0, 0, 0, 3]
	[0, 0, 0, 3]

(215)  9 ≥ 
	[4, 1, 0, 0]
	[2, 2, 2, 1]
	[2, 0, 0, 3]
	[1, 4, 0, 0]
	[1, 1, 1, 3]
	[0, 2, 0, 3]
	[0, 0, 4, 0]

(216)  10 ≥ 
	[4, 2, 0, 0]
	[4, 2, 0, 0]
	[3, 0, 3, 1]
	[2, 2, 2, 2]
	[0, 3, 3, 0]
	[0, 0, 0, 4]
	[0, 0, 0, 4]

(217)  10 ≥ 
	[4, 2, 0, 0]
	[3, 3, 1, 0]
	[3, 0, 0, 3]
	[3, 0, 0, 3]
	[2, 2, 2, 2]
	[0, 4, 0, 2]
	[0, 0, 4, 0]

(218)  4 ≥ 
	[2, 0, 0, 0]
	[2, 0, 0, 0]
	[1, 1, 1, 0]
	[1, 1, 1, 0]
	[0, 2, 0, 0]
	[0, 2, 0, 0]
	[0, 0, 1, 1]

(219)  4 ≥ 
	[2, 0, 0, 0]
	[1, 1, 1, 0]
	[1, 1, 1, 0]
	[1, 0, 0, 1]
	[0, 2, 0, 0]
	[0, 1, 0, 1]
	[0, 0, 2, 0]

(220)  4 ≥ 
	[2, 0, 0, 0]
	[2, 0, 0, 0]
	[1, 1, 1, 0]
	[1, 1, 1, 0]
	[0, 2, 0, 0]
	[0, 0, 1, 1]
	[0, 0, 1, 1]

(221)  14 ≥ 
	[6, 2, 0, 0]
	[4, 0, 4, 2]
	[4, 0, 4, 2]
	[3, 2, 3, 3]
	[2, 4, 2, 2]
	[0, 2, 6, 0]
	[0, 0, 0, 6]

(222)  10 ≥ 
	[4, 2, 0, 0]
	[3, 0, 3, 1]
	[2, 2, 2, 2]
	[2, 2, 2, 2]
	[2, 2, 2, 2]
	[0, 3, 3, 0]
	[0, 0, 0, 4]

(223)  10 ≥ 
	[4, 2, 0, 0]
	[3, 0, 3, 1]
	[2, 2, 2, 2]
	[0, 3, 3, 0]
	[0, 3, 3, 0]
	[0, 0, 0, 4]
	[0, 0, 0, 4]

(224)  10 ≥ 
	[4, 2, 0, 0]
	[3, 3, 1, 0]
	[3, 0, 1, 3]
	[2, 2, 2, 2]
	[2, 2, 2, 2]
	[0, 3, 0, 3]
	[0, 0, 4, 0]

(225)  4 ≥ 
	[2, 0, 0, 0]
	[1, 1, 1, 0]
	[1, 1, 1, 0]
	[0, 2, 0, 0]
	[0, 0, 1, 1]
	[0, 0, 1, 1]
	[0, 0, 1, 1]

(226)  10 ≥ 
	[4, 2, 0, 0]
	[4, 2, 0, 0]
	[3, 0, 3, 1]
	[2, 2, 2, 2]
	[1, 3, 2, 1]
	[0, 3, 3, 0]
	[0, 0, 0, 4]

(227)  8 ≥ 
	[4, 0, 0, 0]
	[3, 1, 1, 0]
	[2, 2, 1, 1]
	[1, 1, 3, 0]
	[1, 1, 3, 0]
	[0, 4, 0, 0]
	[0, 0, 1, 3]

(228)  14 ≥ 
	[6, 2, 0, 0]
	[4, 0, 4, 2]
	[3, 2, 3, 3]
	[2, 4, 2, 2]
	[0, 2, 6, 0]
	[0, 0, 0, 6]
	[0, 0, 0, 6]

(229)  7 ≥ 
	[3, 1, 0, 0]
	[3, 0, 1, 0]
	[2, 2, 0, 1]
	[2, 0, 2, 0]
	[1, 1, 2, 1]
	[0, 3, 1, 0]
	[0, 0, 0, 3]

(230)  9 ≥ 
	[4, 1, 0, 0]
	[4, 0, 1, 0]
	[2, 3, 0, 1]
	[2, 2, 1, 2]
	[1, 1, 3, 1]
	[0, 4, 1, 0]
	[0, 0, 0, 4]

(231)  14 ≥ 
	[6, 2, 0, 0]
	[6, 0, 2, 0]
	[4, 4, 0, 2]
	[3, 3, 2, 3]
	[2, 2, 4, 2]
	[0, 6, 2, 0]
	[0, 0, 0, 6]

(232)  10 ≥ 
	[4, 2, 0, 0]
	[3, 0, 3, 1]
	[3, 0, 3, 1]
	[2, 2, 2, 2]
	[2, 2, 2, 2]
	[0, 2, 4, 0]
	[0, 0, 0, 4]

(233)  8 ≥ 
	[4, 0, 0, 0]
	[2, 2, 1, 1]
	[1, 1, 3, 0]
	[1, 1, 3, 0]
	[1, 1, 0, 3]
	[0, 4, 0, 0]
	[0, 0, 1, 3]

(234)  8 ≥ 
	[4, 0, 0, 0]
	[2, 2, 1, 1]
	[1, 1, 3, 0]
	[0, 4, 0, 0]
	[0, 0, 3, 1]
	[0, 0, 3, 1]
	[0, 0, 1, 3]

(235)  10 ≥ 
	[4, 2, 0, 0]
	[3, 3, 0, 0]
	[3, 0, 3, 1]
	[2, 2, 2, 2]
	[2, 2, 2, 2]
	[0, 2, 4, 0]
	[0, 0, 0, 4]

(236)  10 ≥ 
	[4, 2, 0, 0]
	[4, 2, 0, 0]
	[3, 0, 3, 1]
	[3, 0, 3, 1]
	[2, 2, 2, 2]
	[0, 2, 4, 0]
	[0, 0, 0, 4]

(237)  10 ≥ 
	[4, 2, 0, 0]
	[3, 3, 1, 0]
	[3, 3, 1, 0]
	[3, 0, 0, 3]
	[2, 2, 2, 2]
	[0, 4, 0, 2]
	[0, 0, 4, 0]

(238)  8 ≥ 
	[4, 0, 0, 0]
	[4, 0, 0, 0]
	[2, 2, 1, 1]
	[1, 1, 3, 0]
	[0, 4, 0, 0]
	[0, 0, 1, 3]
	[0, 0, 1, 3]

(239)  8 ≥ 
	[4, 0, 0, 0]
	[3, 1, 1, 0]
	[2, 2, 1, 1]
	[1, 1, 0, 3]
	[0, 4, 0, 0]
	[0, 0, 3, 1]
	[0, 0, 3, 1]

(240)  8 ≥ 
	[4, 0, 0, 0]
	[4, 0, 0, 0]
	[3, 1, 1, 0]
	[2, 2, 1, 1]
	[1, 1, 3, 0]
	[0, 4, 0, 0]
	[0, 0, 1, 3]

(241)  5 ≥ 
	[2, 1, 0, 0]
	[2, 0, 1, 0]
	[1, 2, 0, 0]
	[1, 1, 1, 1]
	[0, 1, 2, 0]
	[0, 0, 0, 2]
	[0, 0, 0, 2]

(242)  2 ≥ 
	[1, 0, 0, 0]
	[1, 0, 0, 0]
	[1, 0, 0, 0]
	[0, 1, 0, 0]
	[0, 1, 0, 0]
	[0, 0, 1, 0]
	[0, 0, 0, 1]

(243)  9 ≥ 
	[4, 1, 0, 0]
	[3, 0, 2, 1]
	[2, 3, 0, 0]
	[2, 1, 2, 2]
	[1, 3, 1, 1]
	[0, 1, 4, 0]
	[0, 0, 0, 4]

(244)  10 ≥ 
	[4, 2, 0, 0]
	[3, 0, 3, 1]
	[2, 2, 2, 2]
	[1, 3, 2, 1]
	[1, 3, 2, 1]
	[0, 3, 3, 0]
	[0, 0, 0, 4]

(245)  14 ≥ 
	[6, 2, 0, 0]
	[4, 4, 2, 0]
	[4, 0, 0, 4]
	[3, 3, 3, 2]
	[2, 2, 2, 4]
	[0, 6, 0, 2]
	[0, 0, 6, 0]

(246)  10 ≥ 
	[4, 2, 0, 0]
	[3, 0, 3, 1]
	[2, 2, 2, 2]
	[0, 3, 3, 0]
	[0, 0, 0, 4]
	[0, 0, 0, 4]
	[0, 0, 0, 4]

(247)  7 ≥ 
	[3, 1, 0, 0]
	[3, 1, 0, 0]
	[3, 0, 1, 0]
	[2, 0, 2, 1]
	[1, 2, 1, 1]
	[0, 1, 3, 0]
	[0, 0, 0, 3]

(248)  7 ≥ 
	[3, 1, 0, 0]
	[3, 0, 1, 0]
	[2, 2, 0, 1]
	[1, 1, 2, 1]
	[1, 1, 2, 1]
	[0, 3, 1, 0]
	[0, 0, 0, 3]

(249)  5 ≥ 
	[2, 1, 0, 0]
	[2, 1, 0, 0]
	[2, 0, 1, 0]
	[1, 1, 1, 1]
	[1, 0, 2, 0]
	[0, 1, 2, 0]
	[0, 0, 0, 2]

(250)  10 ≥ 
	[4, 2, 0, 0]
	[4, 2, 0, 0]
	[3, 0, 3, 1]
	[2, 2, 2, 2]
	[2, 2, 2, 2]
	[0, 3, 3, 0]
	[0, 0, 0, 4]

(251)  2 ≥ 
	[1, 0, 0, 0]
	[1, 0, 0, 0]
	[1, 0, 0, 0]
	[0, 1, 0, 0]
	[0, 1, 0, 0]
	[0, 1, 0, 0]
	[0, 0, 1, 0]

(252)  10 ≥ 
	[4, 2, 0, 0]
	[3, 0, 3, 1]
	[3, 0, 3, 1]
	[2, 2, 2, 2]
	[0, 3, 3, 0]
	[0, 3, 3, 0]
	[0, 0, 0, 4]

(253)  5 ≥ 
	[2, 1, 0, 0]
	[2, 1, 0, 0]
	[1, 1, 1, 1]
	[1, 0, 2, 0]
	[0, 1, 2, 0]
	[0, 0, 0, 2]
	[0, 0, 0, 2]

(254)  4 ≥ 
	[2, 0, 0, 0]
	[2, 0, 0, 0]
	[1, 1, 1, 0]
	[1, 1, 1, 0]
	[1, 0, 0, 1]
	[0, 2, 0, 0]
	[0, 0, 2, 0]

(255)  8 ≥ 
	[4, 0, 0, 0]
	[2, 2, 2, 0]
	[2, 0, 0, 2]
	[1, 1, 1, 2]
	[1, 1, 1, 2]
	[0, 4, 0, 0]
	[0, 0, 4, 0]

(256)  9 ≥ 
	[3, 3, 0, 0]
	[3, 3, 0, 0]
	[3, 3, 0, 0]
	[3, 0, 3, 0]
	[2, 2, 2, 1]
	[0, 3, 3, 0]
	[0, 0, 0, 3]

(257)  5 ≥ 
	[2, 1, 0, 0]
	[2, 1, 0, 0]
	[2, 0, 1, 0]
	[2, 0, 1, 0]
	[1, 1, 1, 1]
	[0, 2, 1, 0]
	[0, 0, 0, 2]

(258)  4 ≥ 
	[2, 0, 0, 0]
	[2, 0, 0, 0]
	[2, 0, 0, 0]
	[1, 1, 1, 0]
	[1, 1, 1, 0]
	[0, 2, 0, 0]
	[0, 0, 1, 1]

(259)  10 ≥ 
	[4, 2, 0, 0]
	[4, 2, 0, 0]
	[4, 2, 0, 0]
	[3, 0, 3, 1]
	[2, 2, 2, 2]
	[0, 3, 3, 0]
	[0, 0, 0, 4]

(260)  8 ≥ 
	[4, 0, 0, 0]
	[3, 1, 1, 0]
	[2, 2, 1, 1]
	[1, 3, 0, 1]
	[1, 1, 3, 0]
	[0, 4, 0, 0]
	[0, 0, 1, 3]

(261)  10 ≥ 
	[4, 2, 0, 0]
	[4, 2, 0, 0]
	[4, 0, 2, 0]
	[3, 0, 3, 1]
	[2, 2, 2, 2]
	[0, 3, 3, 0]
	[0, 0, 0, 4]

(262)  8 ≥ 
	[4, 0, 0, 0]
	[4, 0, 0, 0]
	[3, 1, 1, 0]
	[2, 2, 1, 1]
	[1, 1, 0, 3]
	[0, 4, 0, 0]
	[0, 0, 3, 1]

(263)  4 ≥ 
	[2, 0, 0, 0]
	[2, 0, 0, 0]
	[1, 1, 1, 0]
	[1, 1, 0, 1]
	[0, 2, 0, 0]
	[0, 2, 0, 0]
	[0, 0, 1, 1]

(264)  7 ≥ 
	[3, 1, 0, 0]
	[3, 0, 1, 0]
	[2, 2, 0, 1]
	[1, 1, 2, 1]
	[0, 3, 1, 0]
	[0, 0, 0, 3]
	[0, 0, 0, 3]

(265)  8 ≥ 
	[4, 0, 0, 0]
	[4, 0, 0, 0]
	[4, 0, 0, 0]
	[2, 2, 1, 1]
	[1, 1, 3, 0]
	[0, 4, 0, 0]
	[0, 0, 1, 3]

(266)  10 ≥ 
	[4, 2, 0, 0]
	[4, 0, 2, 0]
	[3, 3, 0, 1]
	[2, 2, 2, 2]
	[0, 4, 2, 0]
	[0, 0, 0, 4]
	[0, 0, 0, 4]

(267)  10 ≥ 
	[4, 2, 0, 0]
	[4, 2, 0, 0]
	[3, 0, 3, 1]
	[2, 2, 2, 2]
	[2, 0, 4, 0]
	[0, 2, 4, 0]
	[0, 0, 0, 4]

(268)  10 ≥ 
	[4, 2, 0, 0]
	[3, 0, 3, 1]
	[2, 2, 2, 2]
	[2, 2, 2, 2]
	[0, 3, 3, 0]
	[0, 0, 0, 4]
	[0, 0, 0, 4]

(269)  7 ≥ 
	[3, 1, 0, 0]
	[3, 1, 0, 0]
	[2, 0, 2, 1]
	[1, 2, 1, 1]
	[1, 1, 1, 2]
	[0, 1, 3, 0]
	[0, 0, 0, 3]

(270)  1 ≥ 
	[1, 0, 0, 0]
	[1, 0, 0, 0]
	[1, 0, 0, 0]
	[1, 0, 0, 0]
	[1, 0, 0, 0]
	[1, 0, 0, 0]
	[0, 0, 0, 0]

(271)  4 ≥ 
	[2, 0, 0, 0]
	[1, 1, 1, 0]
	[1, 0, 0, 1]
	[0, 2, 0, 0]
	[0, 1, 0, 1]
	[0, 0, 2, 0]
	[0, 0, 1, 1]

(272)  10 ≥ 
	[4, 2, 0, 0]
	[3, 0, 3, 1]
	[2, 2, 2, 2]
	[1, 3, 2, 1]
	[0, 3, 3, 0]
	[0, 0, 0, 4]
	[0, 0, 0, 4]

(273)  9 ≥ 
	[4, 1, 0, 0]
	[4, 0, 1, 0]
	[2, 2, 1, 2]
	[1, 4, 0, 0]
	[1, 1, 3, 1]
	[0, 2, 3, 0]
	[0, 0, 0, 4]

(274)  5 ≥ 
	[2, 1, 0, 0]
	[2, 0, 1, 0]
	[1, 1, 1, 1]
	[0, 2, 1, 0]
	[0, 1, 2, 0]
	[0, 0, 0, 2]
	[0, 0, 0, 2]

(275)  8 ≥ 
	[4, 0, 0, 0]
	[3, 1, 1, 0]
	[2, 2, 1, 1]
	[1, 1, 0, 3]
	[0, 4, 0, 0]
	[0, 0, 3, 1]
	[0, 0, 1, 3]

(276)  7 ≥ 
	[3, 1, 0, 0]
	[2, 0, 2, 1]
	[2, 0, 2, 1]
	[1, 2, 1, 1]
	[1, 2, 1, 1]
	[0, 1, 3, 0]
	[0, 0, 0, 3]

(277)  7 ≥ 
	[3, 1, 0, 0]
	[3, 0, 1, 0]
	[2, 2, 0, 1]
	[2, 2, 0, 1]
	[1, 1, 2, 1]
	[0, 3, 1, 0]
	[0, 0, 0, 3]

(278)  5 ≥ 
	[2, 1, 0, 0]
	[2, 1, 0, 0]
	[2, 0, 1, 0]
	[1, 2, 0, 0]
	[1, 1, 1, 1]
	[0, 2, 1, 0]
	[0, 0, 0, 2]

(279)  9 ≥ 
	[4, 1, 0, 0]
	[2, 2, 2, 1]
	[2, 0, 0, 3]
	[1, 1, 1, 3]
	[1, 1, 1, 3]
	[0, 4, 0, 1]
	[0, 0, 4, 0]

(280)  7 ≥ 
	[3, 1, 0, 0]
	[3, 0, 1, 0]
	[2, 2, 0, 1]
	[1, 1, 2, 1]
	[0, 3, 1, 0]
	[0, 2, 2, 0]
	[0, 0, 0, 3]

(281)  10 ≥ 
	[4, 2, 0, 0]
	[4, 2, 0, 0]
	[3, 0, 3, 1]
	[2, 3, 1, 1]
	[2, 2, 2, 2]
	[0, 2, 4, 0]
	[0, 0, 0, 4]

(282)  5 ≥ 
	[2, 1, 0, 0]
	[2, 0, 1, 0]
	[1, 1, 1, 1]
	[1, 1, 1, 1]
	[1, 1, 1, 1]
	[0, 2, 1, 0]
	[0, 0, 0, 2]

(283)  7 ≥ 
	[3, 1, 0, 0]
	[2, 0, 2, 1]
	[1, 2, 1, 1]
	[1, 2, 1, 1]
	[0, 1, 3, 0]
	[0, 0, 0, 3]
	[0, 0, 0, 3]

(284)  5 ≥ 
	[2, 1, 0, 0]
	[2, 1, 0, 0]
	[1, 1, 1, 1]
	[1, 1, 1, 1]
	[1, 0, 2, 0]
	[0, 2, 1, 0]
	[0, 0, 0, 2]

(285)  8 ≥ 
	[4, 0, 0, 0]
	[2, 2, 1, 1]
	[1, 1, 3, 0]
	[0, 4, 0, 0]
	[0, 0, 1, 3]
	[0, 0, 1, 3]
	[0, 0, 1, 3]

(286)  6 ≥ 
	[3, 0, 0, 0]
	[3, 0, 0, 0]
	[1, 1, 1, 1]
	[0, 3, 0, 0]
	[0, 3, 0, 0]
	[0, 0, 3, 0]
	[0, 0, 0, 3]

(287)  8 ≥ 
	[4, 0, 0, 0]
	[2, 2, 2, 0]
	[1, 1, 1, 2]
	[1, 1, 1, 2]
	[1, 1, 1, 2]
	[0, 4, 0, 0]
	[0, 0, 4, 0]

(288)  3 ≥ 
	[1, 1, 0, 0]
	[1, 1, 0, 0]
	[1, 0, 1, 0]
	[1, 0, 1, 0]
	[0, 1, 1, 0]
	[0, 1, 1, 0]
	[0, 0, 0, 1]

(289)  10 ≥ 
	[4, 2, 0, 0]
	[3, 3, 1, 0]
	[3, 0, 1, 3]
	[2, 2, 2, 2]
	[1, 2, 1, 3]
	[0, 3, 0, 3]
	[0, 0, 4, 0]

(290)  8 ≥ 
	[4, 0, 0, 0]
	[2, 2, 2, 0]
	[2, 2, 2, 0]
	[2, 0, 0, 2]
	[1, 1, 1, 2]
	[0, 4, 0, 0]
	[0, 0, 4, 0]

(291)  8 ≥ 
	[4, 0, 0, 0]
	[3, 1, 1, 0]
	[3, 1, 0, 1]
	[2, 2, 1, 1]
	[1, 1, 3, 0]
	[0, 4, 0, 0]
	[0, 0, 1, 3]

(292)  5 ≥ 
	[2, 1, 0, 0]
	[2, 0, 1, 0]
	[1, 1, 1, 1]
	[1, 1, 1, 1]
	[0, 2, 1, 0]
	[0, 1, 2, 0]
	[0, 0, 0, 2]

(293)  8 ≥ 
	[4, 0, 0, 0]
	[3, 1, 1, 0]
	[2, 2, 1, 1]
	[1, 1, 3, 0]
	[0, 4, 0, 0]
	[0, 0, 1, 3]
	[0, 0, 1, 3]

(294)  8 ≥ 
	[4, 0, 0, 0]
	[2, 2, 1, 1]
	[1, 1, 3, 0]
	[1, 1, 0, 3]
	[0, 4, 0, 0]
	[0, 0, 3, 1]
	[0, 0, 1, 3]

(295)  2 ≥ 
	[1, 0, 0, 0]
	[1, 0, 0, 0]
	[1, 0, 0, 0]
	[1, 0, 0, 0]
	[1, 0, 0, 0]
	[0, 1, 0, 0]
	[0, 0, 1, 0]

(296)  9 ≥ 
	[4, 1, 0, 0]
	[4, 1, 0, 0]
	[4, 0, 1, 0]
	[2, 2, 1, 2]
	[1, 1, 3, 1]
	[0, 4, 1, 0]
	[0, 0, 0, 4]

(297)  8 ≥ 
	[4, 0, 0, 0]
	[2, 2, 1, 1]
	[2, 2, 1, 1]
	[1, 1, 3, 0]
	[1, 1, 3, 0]
	[0, 4, 0, 0]
	[0, 0, 1, 3]

(298)  7 ≥ 
	[3, 1, 0, 0]
	[2, 0, 2, 1]
	[2, 0, 2, 1]
	[1, 2, 1, 1]
	[0, 1, 3, 0]
	[0, 0, 0, 3]
	[0, 0, 0, 3]

(299)  8 ≥ 
	[4, 0, 0, 0]
	[4, 0, 0, 0]
	[2, 2, 2, 0]
	[1, 1, 1, 2]
	[1, 1, 1, 2]
	[0, 4, 0, 0]
	[0, 0, 4, 0]

(300)  9 ≥ 
	[4, 1, 0, 0]
	[3, 0, 2, 1]
	[3, 0, 2, 1]
	[2, 1, 2, 2]
	[1, 3, 1, 1]
	[0, 1, 4, 0]
	[0, 0, 0, 4]

(301)  10 ≥ 
	[4, 2, 0, 0]
	[3, 3, 0, 0]
	[3, 0, 3, 1]
	[3, 0, 3, 1]
	[2, 2, 2, 2]
	[0, 2, 4, 0]
	[0, 0, 0, 4]

(302)  9 ≥ 
	[4, 1, 0, 0]
	[4, 0, 1, 0]
	[3, 2, 0, 1]
	[2, 2, 1, 2]
	[1, 1, 3, 1]
	[0, 4, 1, 0]
	[0, 0, 0, 4]

(303)  10 ≥ 
	[4, 2, 0, 0]
	[4, 0, 2, 0]
	[3, 3, 0, 1]
	[2, 2, 2, 2]
	[1, 2, 3, 1]
	[0, 4, 2, 0]
	[0, 0, 0, 4]

(304)  4 ≥ 
	[2, 0, 0, 0]
	[1, 1, 1, 0]
	[1, 1, 1, 0]
	[1, 1, 0, 1]
	[1, 1, 0, 1]
	[0, 2, 0, 0]
	[0, 0, 1, 1]

(305)  10 ≥ 
	[4, 2, 0, 0]
	[3, 3, 0, 0]
	[3, 0, 3, 1]
	[2, 2, 2, 2]
	[0, 2, 4, 0]
	[0, 0, 0, 4]
	[0, 0, 0, 4]

(306)  9 ≥ 
	[4, 1, 0, 0]
	[4, 1, 0, 0]
	[2, 2, 2, 1]
	[2, 0, 0, 3]
	[1, 1, 1, 3]
	[0, 4, 0, 1]
	[0, 0, 4, 0]

(307)  8 ≥ 
	[4, 0, 0, 0]
	[3, 1, 1, 0]
	[3, 1, 1, 0]
	[2, 2, 1, 1]
	[1, 1, 3, 0]
	[0, 4, 0, 0]
	[0, 0, 1, 3]

(308)  7 ≥ 
	[3, 1, 0, 0]
	[2, 2, 1, 0]
	[2, 0, 0, 2]
	[1, 1, 1, 2]
	[1, 1, 1, 2]
	[0, 3, 0, 1]
	[0, 0, 3, 0]

(309)  7 ≥ 
	[3, 1, 0, 0]
	[2, 0, 2, 1]
	[1, 2, 1, 1]
	[1, 1, 1, 2]
	[1, 1, 1, 2]
	[0, 1, 3, 0]
	[0, 0, 0, 3]

(310)  10 ≥ 
	[4, 2, 0, 0]
	[4, 0, 2, 0]
	[3, 3, 0, 1]
	[2, 2, 2, 2]
	[2, 2, 2, 2]
	[0, 3, 3, 0]
	[0, 0, 0, 4]

(311)  14 ≥ 
	[6, 2, 0, 0]
	[6, 2, 0, 0]
	[4, 0, 4, 2]
	[3, 2, 3, 3]
	[2, 4, 2, 2]
	[0, 2, 6, 0]
	[0, 0, 0, 6]

(312)  5 ≥ 
	[2, 1, 0, 0]
	[2, 1, 0, 0]
	[1, 2, 0, 0]
	[1, 1, 1, 1]
	[1, 0, 2, 0]
	[0, 2, 1, 0]
	[0, 0, 0, 2]

(313)  5 ≥ 
	[2, 1, 0, 0]
	[2, 0, 1, 0]
	[1, 2, 0, 0]
	[1, 1, 1, 1]
	[0, 2, 1, 0]
	[0, 0, 0, 2]
	[0, 0, 0, 2]

(314)  10 ≥ 
	[4, 2, 0, 0]
	[3, 3, 1, 0]
	[3, 0, 0, 3]
	[2, 2, 2, 2]
	[2, 2, 2, 2]
	[0, 4, 0, 2]
	[0, 0, 4, 0]

(315)  7 ≥ 
	[3, 1, 0, 0]
	[3, 1, 0, 0]
	[2, 0, 2, 1]
	[2, 0, 2, 1]
	[1, 2, 1, 1]
	[0, 1, 3, 0]
	[0, 0, 0, 3]

(316)  10 ≥ 
	[4, 2, 0, 0]
	[4, 0, 2, 0]
	[3, 3, 0, 1]
	[2, 2, 2, 2]
	[0, 4, 2, 0]
	[0, 3, 3, 0]
	[0, 0, 0, 4]

(317)  5 ≥ 
	[2, 1, 0, 0]
	[1, 1, 1, 1]
	[1, 0, 2, 0]
	[0, 2, 1, 0]
	[0, 0, 0, 2]
	[0, 0, 0, 2]
	[0, 0, 0, 2]

(318)  7 ≥ 
	[3, 1, 0, 0]
	[3, 1, 0, 0]
	[2, 0, 2, 1]
	[1, 2, 1, 1]
	[1, 2, 1, 1]
	[0, 1, 3, 0]
	[0, 0, 0, 3]

(319)  5 ≥ 
	[2, 1, 0, 0]
	[2, 1, 0, 0]
	[2, 0, 1, 0]
	[1, 1, 1, 1]
	[1, 1, 1, 1]
	[0, 2, 1, 0]
	[0, 0, 0, 2]

(320)  3 ≥ 
	[1, 1, 0, 0]
	[1, 1, 0, 0]
	[1, 0, 1, 0]
	[0, 1, 1, 0]
	[0, 0, 0, 1]
	[0, 0, 0, 1]
	[0, 0, 0, 1]

(321)  10 ≥ 
	[4, 2, 0, 0]
	[3, 0, 3, 1]
	[2, 3, 1, 1]
	[2, 2, 2, 2]
	[2, 2, 2, 2]
	[0, 2, 4, 0]
	[0, 0, 0, 4]

(322)  10 ≥ 
	[4, 2, 0, 0]
	[3, 3, 1, 0]
	[3, 0, 0, 3]
	[2, 2, 2, 2]
	[1, 2, 1, 3]
	[0, 4, 0, 2]
	[0, 0, 4, 0]

(323)  8 ≥ 
	[4, 0, 0, 0]
	[4, 0, 0, 0]
	[2, 2, 1, 1]
	[1, 1, 3, 0]
	[1, 1, 0, 3]
	[0, 4, 0, 0]
	[0, 0, 3, 1]

(324)  10 ≥ 
	[4, 2, 0, 0]
	[3, 0, 3, 1]
	[3, 0, 3, 1]
	[2, 2, 2, 2]
	[0, 2, 4, 0]
	[0, 0, 0, 4]
	[0, 0, 0, 4]

(325)  8 ≥ 
	[4, 0, 0, 0]
	[2, 2, 2, 0]
	[2, 2, 2, 0]
	[2, 2, 2, 0]
	[1, 1, 1, 2]
	[0, 4, 0, 0]
	[0, 0, 4, 0]

(326)  9 ≥ 
	[4, 1, 0, 0]
	[4, 0, 1, 0]
	[2, 2, 1, 2]
	[1, 1, 3, 1]
	[0, 4, 1, 0]
	[0, 2, 3, 0]
	[0, 0, 0, 4]

(327)  3 ≥ 
	[1, 1, 0, 0]
	[1, 1, 0, 0]
	[1, 1, 0, 0]
	[1, 0, 1, 0]
	[1, 0, 1, 0]
	[0, 1, 1, 0]
	[0, 0, 0, 1]

(328)  9 ≥ 
	[4, 1, 0, 0]
	[4, 0, 1, 0]
	[2, 2, 1, 2]
	[2, 2, 1, 2]
	[1, 1, 3, 1]
	[0, 4, 1, 0]
	[0, 0, 0, 4]

(329)  5 ≥ 
	[2, 1, 0, 0]
	[1, 1, 1, 1]
	[1, 1, 1, 1]
	[1, 1, 1, 1]
	[1, 0, 2, 0]
	[0, 2, 1, 0]
	[0, 0, 0, 2]

(330)  9 ≥ 
	[3, 3, 0, 0]
	[3, 0, 3, 0]
	[2, 2, 2, 1]
	[2, 2, 2, 1]
	[2, 2, 2, 1]
	[0, 3, 3, 0]
	[0, 0, 0, 3]

(331)  4 ≥ 
	[2, 0, 0, 0]
	[1, 1, 1, 0]
	[1, 0, 0, 1]
	[1, 0, 0, 1]
	[0, 2, 0, 0]
	[0, 1, 0, 1]
	[0, 0, 2, 0]

(332)  8 ≥ 
	[4, 0, 0, 0]
	[2, 2, 2, 0]
	[2, 0, 0, 2]
	[2, 0, 0, 2]
	[1, 1, 1, 2]
	[0, 4, 0, 0]
	[0, 0, 4, 0]

(333)  5 ≥ 
	[2, 1, 0, 0]
	[2, 1, 0, 0]
	[2, 1, 0, 0]
	[1, 1, 1, 1]
	[1, 0, 2, 0]
	[0, 1, 2, 0]
	[0, 0, 0, 2]

(334)  9 ≥ 
	[3, 3, 0, 0]
	[3, 3, 0, 0]
	[3, 0, 3, 0]
	[3, 0, 3, 0]
	[2, 2, 2, 1]
	[0, 3, 3, 0]
	[0, 0, 0, 3]

(335)  4 ≥ 
	[2, 0, 0, 0]
	[2, 0, 0, 0]
	[2, 0, 0, 0]
	[1, 1, 1, 0]
	[0, 2, 0, 0]
	[0, 2, 0, 0]
	[0, 0, 1, 1]

(336)  10 ≥ 
	[4, 2, 0, 0]
	[3, 0, 3, 1]
	[2, 2, 2, 2]
	[2, 2, 2, 2]
	[0, 2, 4, 0]
	[0, 0, 0, 4]
	[0, 0, 0, 4]

