(1)  3 ≥ 
	[1, 0, 0, 0]
	[1, 0, 0, 0]
	[1, 0, 0, 0]
	[1, 0, 0, 0]
	[0, 1, 0, 0]
	[0, 0, 1, 0]
	[0, 0, 0, 1]

(2)  3 ≥ 
	[1, 0, 0, 0]
	[1, 0, 0, 0]
	[1, 0, 0, 0]
	[0, 1, 0, 0]
	[0, 1, 0, 0]
	[0, 0, 1, 0]
	[0, 0, 0, 1]

(3)  6 ≥ 
	[2, 0, 0, 0]
	[1, 1, 1, 1]
	[1, 1, 1, 1]
	[1, 1, 1, 1]
	[0, 2, 0, 0]
	[0, 0, 2, 0]
	[0, 0, 0, 2]

(4)  6 ≥ 
	[2, 0, 0, 0]
	[2, 0, 0, 0]
	[1, 1, 1, 1]
	[1, 1, 1, 1]
	[0, 2, 0, 0]
	[0, 0, 2, 0]
	[0, 0, 0, 2]

(5)  6 ≥ 
	[2, 0, 0, 0]
	[2, 0, 0, 0]
	[2, 0, 0, 0]
	[1, 1, 1, 1]
	[0, 2, 0, 0]
	[0, 0, 2, 0]
	[0, 0, 0, 2]

(6)  1 ≥ 
	[1, 0, 0, 0]
	[1, 0, 0, 0]
	[1, 0, 0, 0]
	[1, 0, 0, 0]
	[1, 0, 0, 0]
	[1, 0, 0, 0]
	[0, 0, 0, 0]

(7)  6 ≥ 
	[2, 0, 0, 0]
	[2, 0, 0, 0]
	[1, 1, 1, 1]
	[0, 2, 0, 0]
	[0, 2, 0, 0]
	[0, 0, 2, 0]
	[0, 0, 0, 2]

(8)  3 ≥ 
	[1, 0, 0, 0]
	[1, 0, 0, 0]
	[0, 1, 0, 0]
	[0, 1, 0, 0]
	[0, 0, 1, 0]
	[0, 0, 1, 0]
	[0, 0, 0, 1]

