(1)  6 ≥ 
	[2, 0, 0, 0]
	[2, 0, 0, 0]
	[1, 1, 1, 1]
	[1, 1, 1, 1]
	[1, 1, 1, 1]
	[0, 2, 0, 0]
	[0, 0, 2, 0]
	[0, 0, 0, 2]

(2)  6 ≥ 
	[2, 0, 0, 0]
	[2, 0, 0, 0]
	[2, 0, 0, 0]
	[1, 1, 1, 1]
	[0, 2, 0, 0]
	[0, 2, 0, 0]
	[0, 0, 2, 0]
	[0, 0, 0, 2]

(3)  6 ≥ 
	[2, 0, 0, 0]
	[2, 0, 0, 0]
	[2, 0, 0, 0]
	[1, 1, 1, 1]
	[1, 1, 1, 1]
	[0, 2, 0, 0]
	[0, 0, 2, 0]
	[0, 0, 0, 2]

(4)  3 ≥ 
	[1, 0, 0, 0]
	[1, 0, 0, 0]
	[1, 0, 0, 0]
	[1, 0, 0, 0]
	[0, 1, 0, 0]
	[0, 1, 0, 0]
	[0, 0, 1, 0]
	[0, 0, 0, 1]

(5)  6 ≥ 
	[2, 0, 0, 0]
	[1, 1, 1, 1]
	[1, 1, 1, 1]
	[1, 1, 1, 1]
	[1, 1, 1, 1]
	[0, 2, 0, 0]
	[0, 0, 2, 0]
	[0, 0, 0, 2]

(6)  3 ≥ 
	[1, 0, 0, 0]
	[1, 0, 0, 0]
	[1, 0, 0, 0]
	[0, 1, 0, 0]
	[0, 1, 0, 0]
	[0, 0, 1, 0]
	[0, 0, 1, 0]
	[0, 0, 0, 1]

(7)  3 ≥ 
	[1, 0, 0, 0]
	[1, 0, 0, 0]
	[1, 0, 0, 0]
	[0, 1, 0, 0]
	[0, 1, 0, 0]
	[0, 1, 0, 0]
	[0, 0, 1, 0]
	[0, 0, 0, 1]

(8)  3 ≥ 
	[1, 0, 0, 0]
	[1, 0, 0, 0]
	[0, 1, 0, 0]
	[0, 1, 0, 0]
	[0, 0, 1, 0]
	[0, 0, 1, 0]
	[0, 0, 0, 1]
	[0, 0, 0, 1]

(9)  6 ≥ 
	[2, 0, 0, 0]
	[2, 0, 0, 0]
	[1, 1, 1, 1]
	[1, 1, 1, 1]
	[0, 2, 0, 0]
	[0, 2, 0, 0]
	[0, 0, 2, 0]
	[0, 0, 0, 2]

(10)  1 ≥ 
	[1, 0, 0, 0]
	[1, 0, 0, 0]
	[1, 0, 0, 0]
	[1, 0, 0, 0]
	[1, 0, 0, 0]
	[1, 0, 0, 0]
	[1, 0, 0, 0]
	[0, 0, 0, 0]

(11)  6 ≥ 
	[2, 0, 0, 0]
	[2, 0, 0, 0]
	[2, 0, 0, 0]
	[2, 0, 0, 0]
	[1, 1, 1, 1]
	[0, 2, 0, 0]
	[0, 0, 2, 0]
	[0, 0, 0, 2]

(12)  3 ≥ 
	[1, 0, 0, 0]
	[1, 0, 0, 0]
	[1, 0, 0, 0]
	[1, 0, 0, 0]
	[1, 0, 0, 0]
	[0, 1, 0, 0]
	[0, 0, 1, 0]
	[0, 0, 0, 1]

(13)  6 ≥ 
	[2, 0, 0, 0]
	[2, 0, 0, 0]
	[1, 1, 1, 1]
	[0, 2, 0, 0]
	[0, 2, 0, 0]
	[0, 0, 2, 0]
	[0, 0, 2, 0]
	[0, 0, 0, 2]

