(1)  5 ≥ 
	[2, 1, 0, 0, 0]
	[2, 1, 0, 0, 0]
	[2, 1, 0, 0, 0]
	[2, 0, 1, 0, 0]
	[1, 1, 1, 1, 0]
	[1, 1, 1, 1, 0]
	[0, 1, 1, 0, 1]
	[0, 0, 0, 2, 0]

(2)  3 ≥ 
	[1, 1, 0, 0, 0]
	[1, 1, 0, 0, 0]
	[1, 1, 0, 0, 0]
	[1, 1, 0, 0, 0]
	[1, 0, 1, 0, 0]
	[1, 0, 1, 0, 0]
	[0, 1, 1, 0, 0]
	[0, 0, 0, 1, 0]

(3)  3 ≥ 
	[1, 1, 0, 0, 0]
	[1, 1, 0, 0, 0]
	[1, 1, 0, 0, 0]
	[1, 1, 0, 0, 0]
	[1, 1, 0, 0, 0]
	[1, 0, 1, 0, 0]
	[0, 1, 1, 0, 0]
	[0, 0, 0, 1, 0]

(4)  6 ≥ 
	[3, 0, 0, 0, 0]
	[3, 0, 0, 0, 0]
	[2, 1, 1, 0, 0]
	[2, 1, 1, 0, 0]
	[2, 1, 0, 1, 0]
	[2, 0, 1, 0, 1]
	[0, 1, 0, 0, 2]
	[0, 0, 1, 2, 0]

(5)  2 ≥ 
	[1, 0, 0, 0, 0]
	[1, 0, 0, 0, 0]
	[1, 0, 0, 0, 0]
	[1, 0, 0, 0, 0]
	[1, 0, 0, 0, 0]
	[0, 1, 0, 0, 0]
	[0, 0, 1, 0, 0]
	[0, 0, 0, 1, 0]

(6)  4 ≥ 
	[2, 0, 0, 0, 0]
	[1, 1, 1, 0, 0]
	[1, 1, 1, 0, 0]
	[1, 1, 1, 0, 0]
	[1, 1, 1, 0, 0]
	[1, 1, 1, 0, 0]
	[0, 2, 0, 0, 0]
	[0, 0, 1, 1, 0]

(7)  7 ≥ 
	[3, 1, 0, 0, 0]
	[3, 1, 0, 0, 0]
	[3, 1, 0, 0, 0]
	[3, 0, 1, 0, 0]
	[3, 0, 0, 1, 0]
	[2, 1, 0, 1, 1]
	[0, 1, 2, 1, 0]
	[0, 0, 0, 0, 3]

(8)  4 ≥ 
	[2, 0, 0, 0, 0]
	[2, 0, 0, 0, 0]
	[2, 0, 0, 0, 0]
	[2, 0, 0, 0, 0]
	[1, 1, 1, 0, 0]
	[1, 1, 0, 1, 0]
	[0, 1, 0, 0, 1]
	[0, 0, 1, 1, 0]

(9)  4 ≥ 
	[2, 0, 0, 0, 0]
	[2, 0, 0, 0, 0]
	[1, 1, 1, 0, 0]
	[1, 1, 1, 0, 0]
	[1, 1, 1, 0, 0]
	[1, 1, 1, 0, 0]
	[0, 1, 0, 1, 0]
	[0, 0, 1, 0, 1]

(10)  5 ≥ 
	[2, 1, 0, 0, 0]
	[2, 0, 1, 0, 0]
	[1, 1, 1, 1, 0]
	[1, 1, 1, 1, 0]
	[1, 1, 1, 1, 0]
	[1, 1, 1, 1, 0]
	[0, 1, 1, 0, 1]
	[0, 0, 0, 2, 0]

(11)  4 ≥ 
	[2, 0, 0, 0, 0]
	[1, 1, 1, 0, 0]
	[1, 1, 1, 0, 0]
	[1, 1, 1, 0, 0]
	[1, 1, 0, 1, 0]
	[1, 1, 0, 1, 0]
	[0, 1, 0, 0, 1]
	[0, 0, 1, 1, 0]

(12)  5 ≥ 
	[2, 1, 0, 0, 0]
	[2, 1, 0, 0, 0]
	[2, 0, 1, 0, 0]
	[2, 0, 1, 0, 0]
	[1, 1, 1, 1, 0]
	[1, 1, 1, 1, 0]
	[0, 1, 1, 0, 1]
	[0, 0, 0, 2, 0]

(13)  1 ≥ 
	[1, 0, 0, 0, 0]
	[1, 0, 0, 0, 0]
	[1, 0, 0, 0, 0]
	[1, 0, 0, 0, 0]
	[1, 0, 0, 0, 0]
	[1, 0, 0, 0, 0]
	[1, 0, 0, 0, 0]
	[0, 0, 0, 0, 0]

(14)  4 ≥ 
	[2, 0, 0, 0, 0]
	[2, 0, 0, 0, 0]
	[2, 0, 0, 0, 0]
	[2, 0, 0, 0, 0]
	[2, 0, 0, 0, 0]
	[1, 1, 1, 0, 0]
	[0, 1, 0, 1, 0]
	[0, 0, 1, 0, 1]

(15)  6 ≥ 
	[3, 0, 0, 0, 0]
	[2, 1, 1, 0, 0]
	[2, 1, 1, 0, 0]
	[2, 1, 0, 1, 0]
	[2, 0, 0, 1, 1]
	[2, 0, 0, 1, 1]
	[0, 1, 0, 0, 2]
	[0, 0, 2, 1, 0]

(16)  4 ≥ 
	[2, 0, 0, 0, 0]
	[1, 1, 1, 0, 0]
	[1, 1, 1, 0, 0]
	[1, 1, 1, 0, 0]
	[1, 1, 1, 0, 0]
	[1, 1, 0, 1, 0]
	[0, 1, 0, 0, 1]
	[0, 0, 1, 1, 0]

(17)  5 ≥ 
	[2, 1, 0, 0, 0]
	[2, 1, 0, 0, 0]
	[2, 1, 0, 0, 0]
	[2, 0, 1, 0, 0]
	[2, 0, 1, 0, 0]
	[2, 0, 0, 1, 0]
	[0, 1, 1, 1, 0]
	[0, 0, 0, 0, 2]

(18)  4 ≥ 
	[2, 0, 0, 0, 0]
	[2, 0, 0, 0, 0]
	[1, 1, 1, 0, 0]
	[1, 1, 1, 0, 0]
	[1, 1, 1, 0, 0]
	[1, 1, 1, 0, 0]
	[0, 2, 0, 0, 0]
	[0, 0, 1, 1, 0]

(19)  4 ≥ 
	[2, 0, 0, 0, 0]
	[2, 0, 0, 0, 0]
	[1, 1, 1, 0, 0]
	[1, 1, 1, 0, 0]
	[1, 1, 1, 0, 0]
	[1, 1, 0, 1, 0]
	[0, 1, 0, 0, 1]
	[0, 0, 1, 1, 0]

(20)  6 ≥ 
	[3, 0, 0, 0, 0]
	[3, 0, 0, 0, 0]
	[2, 1, 1, 0, 0]
	[2, 1, 1, 0, 0]
	[2, 1, 0, 1, 0]
	[2, 0, 0, 1, 1]
	[0, 1, 0, 0, 2]
	[0, 0, 2, 1, 0]

(21)  5 ≥ 
	[2, 1, 0, 0, 0]
	[2, 1, 0, 0, 0]
	[2, 0, 1, 0, 0]
	[2, 0, 1, 0, 0]
	[2, 0, 0, 1, 0]
	[2, 0, 0, 1, 0]
	[0, 1, 1, 1, 0]
	[0, 0, 0, 0, 2]

(22)  4 ≥ 
	[2, 0, 0, 0, 0]
	[2, 0, 0, 0, 0]
	[2, 0, 0, 0, 0]
	[1, 1, 1, 0, 0]
	[1, 1, 1, 0, 0]
	[1, 1, 1, 0, 0]
	[0, 2, 0, 0, 0]
	[0, 0, 1, 1, 0]

(23)  6 ≥ 
	[3, 0, 0, 0, 0]
	[3, 0, 0, 0, 0]
	[3, 0, 0, 0, 0]
	[2, 1, 1, 0, 0]
	[2, 1, 0, 1, 0]
	[2, 0, 0, 1, 1]
	[0, 1, 0, 0, 2]
	[0, 0, 2, 1, 0]

(24)  4 ≥ 
	[2, 0, 0, 0, 0]
	[1, 1, 1, 0, 0]
	[1, 1, 1, 0, 0]
	[1, 1, 1, 0, 0]
	[1, 1, 1, 0, 0]
	[1, 1, 1, 0, 0]
	[0, 1, 0, 1, 0]
	[0, 0, 1, 0, 1]

(25)  2 ≥ 
	[1, 0, 0, 0, 0]
	[1, 0, 0, 0, 0]
	[1, 0, 0, 0, 0]
	[1, 0, 0, 0, 0]
	[1, 0, 0, 0, 0]
	[1, 0, 0, 0, 0]
	[0, 1, 0, 0, 0]
	[0, 0, 1, 0, 0]

(26)  5 ≥ 
	[2, 1, 0, 0, 0]
	[2, 1, 0, 0, 0]
	[2, 1, 0, 0, 0]
	[2, 1, 0, 0, 0]
	[2, 0, 1, 0, 0]
	[1, 1, 1, 1, 0]
	[0, 1, 1, 0, 1]
	[0, 0, 0, 2, 0]

(27)  4 ≥ 
	[2, 0, 0, 0, 0]
	[2, 0, 0, 0, 0]
	[2, 0, 0, 0, 0]
	[2, 0, 0, 0, 0]
	[2, 0, 0, 0, 0]
	[1, 1, 1, 0, 0]
	[0, 2, 0, 0, 0]
	[0, 0, 2, 0, 0]

(28)  5 ≥ 
	[2, 1, 0, 0, 0]
	[2, 1, 0, 0, 0]
	[2, 0, 1, 0, 0]
	[1, 1, 1, 1, 0]
	[1, 1, 1, 1, 0]
	[1, 1, 1, 1, 0]
	[0, 1, 1, 0, 1]
	[0, 0, 0, 2, 0]

(29)  7 ≥ 
	[3, 1, 0, 0, 0]
	[3, 1, 0, 0, 0]
	[3, 0, 1, 0, 0]
	[3, 0, 1, 0, 0]
	[3, 0, 0, 1, 0]
	[2, 1, 1, 0, 1]
	[0, 1, 1, 2, 0]
	[0, 0, 0, 0, 3]

(30)  7 ≥ 
	[3, 1, 0, 0, 0]
	[3, 0, 1, 0, 0]
	[3, 0, 0, 1, 0]
	[2, 0, 1, 1, 1]
	[2, 0, 1, 1, 1]
	[2, 0, 1, 1, 1]
	[0, 2, 1, 1, 0]
	[0, 0, 0, 0, 3]

(31)  7 ≥ 
	[3, 1, 0, 0, 0]
	[3, 1, 0, 0, 0]
	[3, 1, 0, 0, 0]
	[3, 0, 1, 0, 0]
	[3, 0, 0, 1, 0]
	[2, 0, 1, 1, 1]
	[0, 2, 1, 1, 0]
	[0, 0, 0, 0, 3]

(32)  7 ≥ 
	[3, 1, 0, 0, 0]
	[3, 1, 0, 0, 0]
	[3, 0, 1, 0, 0]
	[3, 0, 1, 0, 0]
	[3, 0, 0, 1, 0]
	[2, 0, 1, 1, 1]
	[0, 2, 1, 1, 0]
	[0, 0, 0, 0, 3]

(33)  4 ≥ 
	[2, 0, 0, 0, 0]
	[2, 0, 0, 0, 0]
	[2, 0, 0, 0, 0]
	[2, 0, 0, 0, 0]
	[1, 1, 1, 0, 0]
	[1, 1, 1, 0, 0]
	[0, 2, 0, 0, 0]
	[0, 0, 1, 1, 0]

(34)  6 ≥ 
	[3, 0, 0, 0, 0]
	[2, 1, 1, 0, 0]
	[2, 1, 1, 0, 0]
	[2, 1, 0, 1, 0]
	[2, 1, 0, 1, 0]
	[2, 0, 0, 1, 1]
	[0, 1, 0, 0, 2]
	[0, 0, 2, 1, 0]

(35)  3 ≥ 
	[1, 1, 0, 0, 0]
	[1, 1, 0, 0, 0]
	[1, 1, 0, 0, 0]
	[1, 0, 1, 0, 0]
	[1, 0, 1, 0, 0]
	[1, 0, 1, 0, 0]
	[0, 1, 1, 0, 0]
	[0, 0, 0, 1, 0]

(36)  7 ≥ 
	[3, 1, 0, 0, 0]
	[3, 1, 0, 0, 0]
	[3, 0, 1, 0, 0]
	[3, 0, 0, 1, 0]
	[2, 1, 0, 1, 1]
	[2, 1, 0, 1, 1]
	[0, 1, 2, 1, 0]
	[0, 0, 0, 0, 3]

(37)  5 ≥ 
	[2, 1, 0, 0, 0]
	[2, 1, 0, 0, 0]
	[2, 1, 0, 0, 0]
	[2, 1, 0, 0, 0]
	[2, 0, 1, 0, 0]
	[2, 0, 0, 1, 0]
	[0, 1, 1, 1, 0]
	[0, 0, 0, 0, 2]

(38)  5 ≥ 
	[2, 1, 0, 0, 0]
	[2, 1, 0, 0, 0]
	[2, 1, 0, 0, 0]
	[2, 0, 1, 0, 0]
	[2, 0, 1, 0, 0]
	[1, 1, 1, 1, 0]
	[0, 1, 1, 0, 1]
	[0, 0, 0, 2, 0]

(39)  4 ≥ 
	[2, 0, 0, 0, 0]
	[2, 0, 0, 0, 0]
	[2, 0, 0, 0, 0]
	[1, 1, 1, 0, 0]
	[1, 1, 1, 0, 0]
	[1, 1, 1, 0, 0]
	[0, 1, 0, 1, 0]
	[0, 0, 1, 0, 1]

(40)  4 ≥ 
	[2, 0, 0, 0, 0]
	[2, 0, 0, 0, 0]
	[2, 0, 0, 0, 0]
	[2, 0, 0, 0, 0]
	[1, 1, 1, 0, 0]
	[1, 1, 1, 0, 0]
	[0, 1, 0, 1, 0]
	[0, 0, 1, 0, 1]

(41)  6 ≥ 
	[3, 0, 0, 0, 0]
	[2, 1, 1, 0, 0]
	[2, 1, 1, 0, 0]
	[2, 1, 1, 0, 0]
	[2, 1, 0, 1, 0]
	[2, 0, 1, 0, 1]
	[0, 1, 0, 0, 2]
	[0, 0, 1, 2, 0]

(42)  4 ≥ 
	[2, 0, 0, 0, 0]
	[2, 0, 0, 0, 0]
	[2, 0, 0, 0, 0]
	[1, 1, 1, 0, 0]
	[1, 1, 1, 0, 0]
	[1, 1, 0, 1, 0]
	[0, 1, 0, 0, 1]
	[0, 0, 1, 1, 0]

(43)  4 ≥ 
	[2, 0, 0, 0, 0]
	[2, 0, 0, 0, 0]
	[2, 0, 0, 0, 0]
	[2, 0, 0, 0, 0]
	[2, 0, 0, 0, 0]
	[1, 1, 1, 0, 0]
	[0, 2, 0, 0, 0]
	[0, 0, 1, 1, 0]

(44)  6 ≥ 
	[3, 0, 0, 0, 0]
	[2, 1, 1, 0, 0]
	[2, 1, 1, 0, 0]
	[2, 1, 1, 0, 0]
	[2, 1, 0, 1, 0]
	[2, 0, 0, 1, 1]
	[0, 1, 0, 0, 2]
	[0, 0, 2, 1, 0]

(45)  4 ≥ 
	[2, 0, 0, 0, 0]
	[2, 0, 0, 0, 0]
	[1, 1, 1, 0, 0]
	[1, 1, 1, 0, 0]
	[1, 1, 0, 1, 0]
	[1, 1, 0, 1, 0]
	[0, 1, 0, 0, 1]
	[0, 0, 1, 1, 0]

(46)  7 ≥ 
	[3, 1, 0, 0, 0]
	[3, 1, 0, 0, 0]
	[3, 0, 1, 0, 0]
	[3, 0, 0, 1, 0]
	[2, 0, 1, 1, 1]
	[2, 0, 1, 1, 1]
	[0, 2, 1, 1, 0]
	[0, 0, 0, 0, 3]

