(1)  1 ≥ 
	[1, 0, 0, 0, 0]
	[1, 0, 0, 0, 0]
	[1, 0, 0, 0, 0]
	[0, 0, 0, 0, 0]

(2)  4 ≥ 
	[2, 0, 0, 0, 0]
	[1, 1, 1, 0, 0]
	[0, 2, 0, 0, 0]
	[0, 0, 1, 1, 0]

(3)  4 ≥ 
	[2, 0, 0, 0, 0]
	[1, 1, 1, 0, 0]
	[0, 2, 0, 0, 0]
	[0, 0, 2, 0, 0]

(4)  4 ≥ 
	[2, 0, 0, 0, 0]
	[1, 1, 1, 0, 0]
	[0, 1, 0, 1, 0]
	[0, 0, 1, 0, 1]

(5)  2 ≥ 
	[1, 0, 0, 0, 0]
	[0, 1, 0, 0, 0]
	[0, 0, 1, 0, 0]
	[0, 0, 0, 1, 0]

(6)  3 ≥ 
	[1, 1, 0, 0, 0]
	[1, 0, 1, 0, 0]
	[0, 1, 1, 0, 0]
	[0, 0, 0, 1, 0]

(7)  2 ≥ 
	[1, 0, 0, 0, 0]
	[1, 0, 0, 0, 0]
	[0, 1, 0, 0, 0]
	[0, 0, 1, 0, 0]

