(1)  4 ≥ 
	[2, 0, 0, 0, 0]
	[2, 0, 0, 0, 0]
	[2, 0, 0, 0, 0]
	[1, 1, 1, 0, 0]
	[1, 1, 1, 0, 0]
	[0, 1, 0, 1, 0]
	[0, 0, 1, 0, 1]

(2)  7 ≥ 
	[3, 1, 0, 0, 0]
	[3, 1, 0, 0, 0]
	[3, 0, 1, 0, 0]
	[3, 0, 0, 1, 0]
	[2, 0, 1, 1, 1]
	[0, 2, 1, 1, 0]
	[0, 0, 0, 0, 3]

(3)  4 ≥ 
	[2, 0, 0, 0, 0]
	[2, 0, 0, 0, 0]
	[2, 0, 0, 0, 0]
	[1, 1, 1, 0, 0]
	[1, 1, 0, 1, 0]
	[0, 1, 0, 0, 1]
	[0, 0, 1, 1, 0]

(4)  4 ≥ 
	[2, 0, 0, 0, 0]
	[2, 0, 0, 0, 0]
	[1, 1, 1, 0, 0]
	[1, 1, 1, 0, 0]
	[1, 1, 1, 0, 0]
	[0, 2, 0, 0, 0]
	[0, 0, 1, 1, 0]

(5)  4 ≥ 
	[2, 0, 0, 0, 0]
	[1, 1, 1, 0, 0]
	[1, 1, 1, 0, 0]
	[1, 1, 1, 0, 0]
	[1, 1, 1, 0, 0]
	[0, 2, 0, 0, 0]
	[0, 0, 1, 1, 0]

(6)  3 ≥ 
	[1, 1, 0, 0, 0]
	[1, 1, 0, 0, 0]
	[1, 1, 0, 0, 0]
	[1, 1, 0, 0, 0]
	[1, 0, 1, 0, 0]
	[0, 1, 1, 0, 0]
	[0, 0, 0, 1, 0]

(7)  7 ≥ 
	[3, 1, 0, 0, 0]
	[3, 0, 1, 0, 0]
	[3, 0, 0, 1, 0]
	[2, 0, 1, 1, 1]
	[2, 0, 1, 1, 1]
	[0, 2, 1, 1, 0]
	[0, 0, 0, 0, 3]

(8)  3 ≥ 
	[1, 1, 0, 0, 0]
	[1, 1, 0, 0, 0]
	[1, 1, 0, 0, 0]
	[1, 0, 1, 0, 0]
	[1, 0, 1, 0, 0]
	[0, 1, 1, 0, 0]
	[0, 0, 0, 1, 0]

(9)  5 ≥ 
	[2, 1, 0, 0, 0]
	[2, 1, 0, 0, 0]
	[2, 0, 1, 0, 0]
	[1, 1, 1, 1, 0]
	[1, 1, 1, 1, 0]
	[0, 1, 1, 0, 1]
	[0, 0, 0, 2, 0]

(10)  5 ≥ 
	[2, 1, 0, 0, 0]
	[2, 0, 1, 0, 0]
	[1, 1, 1, 1, 0]
	[1, 1, 1, 1, 0]
	[1, 1, 1, 1, 0]
	[0, 1, 1, 0, 1]
	[0, 0, 0, 2, 0]

(11)  5 ≥ 
	[2, 1, 0, 0, 0]
	[2, 1, 0, 0, 0]
	[2, 1, 0, 0, 0]
	[2, 0, 1, 0, 0]
	[1, 1, 1, 1, 0]
	[0, 1, 1, 0, 1]
	[0, 0, 0, 2, 0]

(12)  2 ≥ 
	[1, 0, 0, 0, 0]
	[1, 0, 0, 0, 0]
	[1, 0, 0, 0, 0]
	[1, 0, 0, 0, 0]
	[1, 0, 0, 0, 0]
	[0, 1, 0, 0, 0]
	[0, 0, 1, 0, 0]

(13)  4 ≥ 
	[2, 0, 0, 0, 0]
	[2, 0, 0, 0, 0]
	[1, 1, 1, 0, 0]
	[1, 1, 1, 0, 0]
	[1, 1, 1, 0, 0]
	[0, 1, 0, 1, 0]
	[0, 0, 1, 0, 1]

(14)  1 ≥ 
	[1, 0, 0, 0, 0]
	[1, 0, 0, 0, 0]
	[1, 0, 0, 0, 0]
	[1, 0, 0, 0, 0]
	[1, 0, 0, 0, 0]
	[1, 0, 0, 0, 0]
	[0, 0, 0, 0, 0]

(15)  4 ≥ 
	[2, 0, 0, 0, 0]
	[1, 1, 1, 0, 0]
	[1, 1, 1, 0, 0]
	[1, 1, 1, 0, 0]
	[1, 1, 1, 0, 0]
	[0, 1, 0, 1, 0]
	[0, 0, 1, 0, 1]

(16)  5 ≥ 
	[2, 1, 0, 0, 0]
	[2, 1, 0, 0, 0]
	[2, 1, 0, 0, 0]
	[2, 0, 1, 0, 0]
	[2, 0, 0, 1, 0]
	[0, 1, 1, 1, 0]
	[0, 0, 0, 0, 2]

(17)  5 ≥ 
	[2, 1, 0, 0, 0]
	[2, 1, 0, 0, 0]
	[2, 0, 1, 0, 0]
	[2, 0, 1, 0, 0]
	[2, 0, 0, 1, 0]
	[0, 1, 1, 1, 0]
	[0, 0, 0, 0, 2]

(18)  4 ≥ 
	[2, 0, 0, 0, 0]
	[2, 0, 0, 0, 0]
	[2, 0, 0, 0, 0]
	[2, 0, 0, 0, 0]
	[1, 1, 1, 0, 0]
	[0, 2, 0, 0, 0]
	[0, 0, 1, 1, 0]

(19)  7 ≥ 
	[3, 1, 0, 0, 0]
	[3, 1, 0, 0, 0]
	[3, 0, 1, 0, 0]
	[3, 0, 0, 1, 0]
	[2, 1, 0, 1, 1]
	[0, 1, 2, 1, 0]
	[0, 0, 0, 0, 3]

(20)  4 ≥ 
	[2, 0, 0, 0, 0]
	[2, 0, 0, 0, 0]
	[2, 0, 0, 0, 0]
	[2, 0, 0, 0, 0]
	[1, 1, 1, 0, 0]
	[0, 2, 0, 0, 0]
	[0, 0, 2, 0, 0]

(21)  6 ≥ 
	[3, 0, 0, 0, 0]
	[2, 1, 1, 0, 0]
	[2, 1, 1, 0, 0]
	[2, 1, 0, 1, 0]
	[2, 0, 0, 1, 1]
	[0, 1, 0, 0, 2]
	[0, 0, 2, 1, 0]

(22)  6 ≥ 
	[3, 0, 0, 0, 0]
	[2, 1, 1, 0, 0]
	[2, 1, 1, 0, 0]
	[2, 1, 0, 1, 0]
	[2, 0, 1, 0, 1]
	[0, 1, 0, 0, 2]
	[0, 0, 1, 2, 0]

(23)  4 ≥ 
	[2, 0, 0, 0, 0]
	[1, 1, 1, 0, 0]
	[1, 1, 1, 0, 0]
	[1, 1, 1, 0, 0]
	[1, 1, 0, 1, 0]
	[0, 1, 0, 0, 1]
	[0, 0, 1, 1, 0]

(24)  6 ≥ 
	[3, 0, 0, 0, 0]
	[3, 0, 0, 0, 0]
	[2, 1, 1, 0, 0]
	[2, 1, 0, 1, 0]
	[2, 0, 0, 1, 1]
	[0, 1, 0, 0, 2]
	[0, 0, 2, 1, 0]

(25)  2 ≥ 
	[1, 0, 0, 0, 0]
	[1, 0, 0, 0, 0]
	[1, 0, 0, 0, 0]
	[1, 0, 0, 0, 0]
	[0, 1, 0, 0, 0]
	[0, 0, 1, 0, 0]
	[0, 0, 0, 1, 0]

(26)  4 ≥ 
	[2, 0, 0, 0, 0]
	[2, 0, 0, 0, 0]
	[1, 1, 1, 0, 0]
	[1, 1, 1, 0, 0]
	[1, 1, 0, 1, 0]
	[0, 1, 0, 0, 1]
	[0, 0, 1, 1, 0]

(27)  4 ≥ 
	[2, 0, 0, 0, 0]
	[1, 1, 1, 0, 0]
	[1, 1, 1, 0, 0]
	[1, 1, 0, 1, 0]
	[1, 1, 0, 1, 0]
	[0, 1, 0, 0, 1]
	[0, 0, 1, 1, 0]

(28)  4 ≥ 
	[2, 0, 0, 0, 0]
	[2, 0, 0, 0, 0]
	[2, 0, 0, 0, 0]
	[1, 1, 1, 0, 0]
	[1, 1, 1, 0, 0]
	[0, 2, 0, 0, 0]
	[0, 0, 1, 1, 0]

(29)  5 ≥ 
	[2, 1, 0, 0, 0]
	[2, 1, 0, 0, 0]
	[2, 0, 1, 0, 0]
	[2, 0, 1, 0, 0]
	[1, 1, 1, 1, 0]
	[0, 1, 1, 0, 1]
	[0, 0, 0, 2, 0]

(30)  4 ≥ 
	[2, 0, 0, 0, 0]
	[2, 0, 0, 0, 0]
	[2, 0, 0, 0, 0]
	[2, 0, 0, 0, 0]
	[1, 1, 1, 0, 0]
	[0, 1, 0, 1, 0]
	[0, 0, 1, 0, 1]

