(1)  5 ≥ 
	[2, 1, 0, 0, 0]
	[1, 1, 1, 1, 0]
	[1, 0, 1, 0, 1]
	[0, 1, 2, 0, 0]
	[0, 0, 0, 2, 0]

(2)  8 ≥ 
	[3, 1, 1, 0, 0]
	[2, 1, 0, 2, 1]
	[2, 0, 1, 1, 2]
	[0, 1, 0, 0, 3]
	[0, 0, 1, 3, 0]

(3)  7 ≥ 
	[3, 1, 0, 0, 0]
	[2, 0, 2, 1, 0]
	[1, 1, 1, 1, 1]
	[0, 2, 2, 0, 0]
	[0, 0, 0, 3, 0]

(4)  6 ≥ 
	[2, 1, 1, 0, 0]
	[2, 0, 0, 1, 1]
	[1, 1, 1, 1, 1]
	[0, 2, 0, 1, 0]
	[0, 0, 2, 0, 1]

(5)  3 ≥ 
	[1, 1, 0, 0, 0]
	[1, 0, 1, 0, 0]
	[0, 1, 1, 0, 0]
	[0, 0, 0, 1, 0]
	[0, 0, 0, 0, 1]

(6)  10 ≥ 
	[4, 2, 0, 0, 0]
	[3, 0, 3, 1, 0]
	[2, 2, 2, 1, 1]
	[0, 2, 4, 0, 0]
	[0, 0, 0, 3, 1]

(7)  10 ≥ 
	[4, 2, 0, 0, 0]
	[3, 0, 2, 1, 1]
	[2, 2, 2, 2, 0]
	[0, 3, 2, 0, 1]
	[0, 0, 0, 4, 0]

(8)  6 ≥ 
	[2, 2, 0, 0, 0]
	[2, 0, 2, 0, 0]
	[1, 1, 1, 1, 0]
	[0, 2, 2, 0, 0]
	[0, 0, 0, 0, 2]

(9)  10 ≥ 
	[4, 2, 0, 0, 0]
	[3, 0, 3, 1, 0]
	[2, 2, 2, 2, 0]
	[0, 3, 3, 0, 0]
	[0, 0, 0, 4, 0]

(10)  9 ≥ 
	[3, 2, 1, 0, 0]
	[3, 0, 0, 2, 1]
	[2, 1, 2, 2, 0]
	[0, 3, 0, 2, 0]
	[0, 0, 3, 0, 1]

(11)  8 ≥ 
	[3, 1, 0, 0, 0]
	[2, 0, 2, 1, 1]
	[1, 1, 2, 2, 0]
	[0, 2, 2, 0, 1]
	[0, 0, 0, 2, 2]

(12)  10 ≥ 
	[4, 0, 0, 0, 0]
	[1, 3, 3, 0, 0]
	[0, 3, 0, 3, 0]
	[0, 2, 1, 0, 3]
	[0, 0, 3, 2, 1]

(13)  6 ≥ 
	[3, 0, 0, 0, 0]
	[2, 1, 1, 0, 0]
	[2, 0, 0, 1, 1]
	[0, 2, 0, 1, 0]
	[0, 0, 2, 0, 1]

(14)  12 ≥ 
	[4, 2, 2, 0, 0]
	[4, 0, 0, 2, 2]
	[3, 3, 0, 3, 0]
	[0, 3, 0, 0, 3]
	[0, 0, 3, 3, 0]

(15)  6 ≥ 
	[2, 1, 1, 0, 0]
	[2, 0, 0, 1, 0]
	[1, 2, 0, 0, 1]
	[0, 2, 1, 1, 0]
	[0, 0, 1, 0, 2]

(16)  6 ≥ 
	[2, 1, 1, 0, 0]
	[2, 0, 0, 1, 1]
	[1, 2, 0, 1, 0]
	[0, 2, 0, 0, 1]
	[0, 0, 1, 2, 0]

(17)  9 ≥ 
	[3, 3, 0, 0, 0]
	[3, 0, 2, 1, 0]
	[2, 2, 2, 0, 1]
	[0, 3, 2, 1, 0]
	[0, 0, 0, 0, 3]

(18)  10 ≥ 
	[4, 2, 0, 0, 0]
	[3, 0, 2, 1, 1]
	[2, 2, 2, 2, 0]
	[0, 2, 3, 0, 1]
	[0, 0, 0, 4, 0]

(19)  5 ≥ 
	[2, 1, 0, 0, 0]
	[2, 0, 1, 0, 0]
	[1, 1, 1, 1, 0]
	[0, 2, 1, 0, 0]
	[0, 0, 0, 2, 0]

(20)  6 ≥ 
	[2, 1, 1, 0, 0]
	[2, 0, 0, 1, 1]
	[1, 1, 0, 2, 0]
	[0, 2, 0, 0, 1]
	[0, 0, 2, 1, 0]

(21)  5 ≥ 
	[2, 1, 0, 0, 0]
	[1, 1, 1, 1, 0]
	[1, 0, 2, 0, 0]
	[0, 2, 1, 0, 0]
	[0, 0, 0, 1, 1]

(22)  8 ≥ 
	[4, 0, 0, 0, 0]
	[2, 2, 1, 1, 0]
	[1, 1, 1, 0, 2]
	[0, 4, 0, 0, 0]
	[0, 0, 3, 1, 0]

(23)  2 ≥ 
	[1, 0, 0, 0, 0]
	[1, 0, 0, 0, 0]
	[0, 1, 0, 0, 0]
	[0, 0, 1, 0, 0]
	[0, 0, 0, 1, 0]

(24)  4 ≥ 
	[2, 0, 0, 0, 0]
	[1, 1, 1, 0, 0]
	[1, 1, 1, 0, 0]
	[0, 2, 0, 0, 0]
	[0, 0, 1, 1, 0]

(25)  9 ≥ 
	[3, 3, 0, 0, 0]
	[3, 0, 3, 0, 0]
	[2, 2, 2, 1, 0]
	[0, 3, 3, 0, 0]
	[0, 0, 0, 3, 0]

(26)  4 ≥ 
	[2, 0, 0, 0, 0]
	[1, 1, 1, 0, 0]
	[1, 0, 0, 1, 0]
	[0, 2, 0, 0, 0]
	[0, 0, 1, 0, 1]

(27)  2 ≥ 
	[1, 0, 0, 0, 0]
	[1, 0, 0, 0, 0]
	[0, 1, 0, 0, 0]
	[0, 1, 0, 0, 0]
	[0, 0, 1, 0, 0]

(28)  12 ≥ 
	[4, 2, 2, 0, 0]
	[4, 0, 0, 2, 2]
	[3, 3, 0, 3, 0]
	[0, 4, 0, 0, 2]
	[0, 0, 2, 4, 0]

(29)  7 ≥ 
	[3, 1, 0, 0, 0]
	[2, 0, 1, 1, 1]
	[1, 1, 2, 1, 0]
	[0, 2, 1, 0, 1]
	[0, 0, 0, 3, 0]

(30)  8 ≥ 
	[4, 0, 0, 0, 0]
	[2, 2, 1, 1, 0]
	[1, 1, 3, 0, 0]
	[0, 4, 0, 0, 0]
	[0, 0, 1, 3, 0]

(31)  4 ≥ 
	[2, 0, 0, 0, 0]
	[1, 1, 1, 0, 0]
	[1, 1, 1, 0, 0]
	[0, 1, 0, 1, 0]
	[0, 0, 1, 0, 1]

(32)  9 ≥ 
	[3, 2, 1, 0, 0]
	[3, 0, 0, 2, 1]
	[2, 1, 2, 2, 0]
	[0, 3, 0, 2, 0]
	[0, 0, 2, 0, 2]

(33)  5 ≥ 
	[2, 1, 0, 0, 0]
	[1, 0, 2, 0, 0]
	[1, 0, 0, 1, 1]
	[0, 1, 1, 1, 0]
	[0, 0, 0, 0, 2]

(34)  7 ≥ 
	[3, 0, 0, 0, 0]
	[1, 2, 2, 0, 0]
	[0, 2, 0, 2, 0]
	[0, 1, 1, 0, 2]
	[0, 0, 2, 2, 0]

(35)  2 ≥ 
	[1, 0, 0, 0, 0]
	[0, 1, 0, 0, 0]
	[0, 0, 1, 0, 0]
	[0, 0, 0, 1, 0]
	[0, 0, 0, 0, 1]

(36)  7 ≥ 
	[3, 1, 0, 0, 0]
	[2, 0, 1, 1, 1]
	[1, 0, 3, 0, 0]
	[0, 2, 1, 1, 0]
	[0, 0, 0, 0, 3]

(37)  8 ≥ 
	[4, 0, 0, 0, 0]
	[2, 2, 1, 1, 0]
	[1, 1, 1, 0, 2]
	[0, 4, 0, 0, 0]
	[0, 0, 1, 3, 0]

(38)  8 ≥ 
	[3, 2, 0, 0, 0]
	[2, 0, 2, 1, 0]
	[1, 2, 2, 0, 1]
	[0, 3, 1, 1, 0]
	[0, 0, 0, 0, 3]

(39)  8 ≥ 
	[4, 0, 0, 0, 0]
	[2, 2, 1, 1, 0]
	[1, 1, 3, 0, 0]
	[0, 2, 0, 0, 2]
	[0, 0, 1, 3, 0]

(40)  5 ≥ 
	[2, 1, 0, 0, 0]
	[1, 1, 1, 1, 0]
	[1, 0, 2, 0, 0]
	[0, 2, 1, 0, 0]
	[0, 0, 0, 2, 0]

(41)  9 ≥ 
	[3, 3, 0, 0, 0]
	[3, 0, 3, 0, 0]
	[2, 2, 2, 1, 0]
	[0, 3, 3, 0, 0]
	[0, 0, 0, 1, 2]

(42)  8 ≥ 
	[3, 2, 0, 0, 0]
	[2, 0, 2, 1, 0]
	[1, 2, 2, 0, 1]
	[0, 2, 1, 2, 0]
	[0, 0, 0, 0, 3]

(43)  4 ≥ 
	[2, 0, 0, 0, 0]
	[2, 0, 0, 0, 0]
	[1, 1, 1, 0, 0]
	[0, 2, 0, 0, 0]
	[0, 0, 1, 1, 0]

(44)  6 ≥ 
	[2, 1, 1, 0, 0]
	[2, 0, 0, 1, 1]
	[1, 2, 0, 1, 0]
	[0, 2, 0, 0, 1]
	[0, 0, 2, 1, 0]

(45)  4 ≥ 
	[2, 0, 0, 0, 0]
	[1, 1, 1, 0, 0]
	[1, 1, 0, 1, 0]
	[0, 1, 0, 0, 1]
	[0, 0, 1, 1, 0]

(46)  4 ≥ 
	[2, 0, 0, 0, 0]
	[2, 0, 0, 0, 0]
	[1, 1, 1, 0, 0]
	[0, 2, 0, 0, 0]
	[0, 0, 2, 0, 0]

(47)  6 ≥ 
	[2, 1, 1, 0, 0]
	[2, 0, 0, 1, 0]
	[1, 2, 0, 0, 1]
	[0, 2, 1, 1, 0]
	[0, 0, 2, 0, 1]

(48)  8 ≥ 
	[3, 2, 0, 0, 0]
	[2, 1, 2, 1, 0]
	[2, 0, 1, 0, 2]
	[0, 2, 2, 0, 1]
	[0, 0, 0, 3, 0]

(49)  7 ≥ 
	[2, 2, 1, 0, 0]
	[2, 1, 0, 1, 1]
	[2, 0, 1, 2, 0]
	[0, 2, 0, 2, 0]
	[0, 0, 1, 0, 2]

(50)  7 ≥ 
	[3, 1, 0, 0, 0]
	[2, 0, 2, 1, 0]
	[1, 0, 1, 0, 2]
	[0, 2, 2, 0, 0]
	[0, 0, 0, 3, 0]

(51)  5 ≥ 
	[2, 1, 0, 0, 0]
	[1, 0, 2, 0, 0]
	[1, 0, 0, 2, 0]
	[0, 1, 1, 1, 0]
	[0, 0, 0, 0, 2]

(52)  8 ≥ 
	[3, 2, 0, 0, 0]
	[2, 0, 2, 1, 0]
	[1, 2, 1, 1, 1]
	[0, 2, 3, 0, 0]
	[0, 0, 0, 0, 3]

(53)  4 ≥ 
	[2, 0, 0, 0, 0]
	[1, 1, 1, 0, 0]
	[0, 2, 0, 0, 0]
	[0, 0, 1, 1, 0]
	[0, 0, 1, 0, 1]

(54)  7 ≥ 
	[3, 1, 0, 0, 0]
	[2, 0, 2, 1, 0]
	[1, 2, 1, 1, 0]
	[0, 1, 2, 0, 1]
	[0, 0, 0, 3, 0]

(55)  10 ≥ 
	[4, 2, 0, 0, 0]
	[3, 0, 2, 1, 1]
	[2, 0, 0, 4, 0]
	[0, 2, 2, 2, 0]
	[0, 0, 0, 0, 4]

(56)  4 ≥ 
	[2, 0, 0, 0, 0]
	[1, 1, 1, 0, 0]
	[1, 0, 0, 1, 0]
	[0, 2, 0, 0, 0]
	[0, 0, 2, 0, 0]

(57)  6 ≥ 
	[3, 0, 0, 0, 0]
	[1, 1, 1, 1, 0]
	[0, 3, 0, 0, 0]
	[0, 0, 3, 0, 0]
	[0, 0, 0, 1, 2]

(58)  7 ≥ 
	[3, 1, 0, 0, 0]
	[2, 0, 2, 1, 0]
	[1, 2, 1, 1, 0]
	[0, 1, 3, 0, 0]
	[0, 0, 0, 1, 2]

(59)  7 ≥ 
	[3, 1, 0, 0, 0]
	[2, 0, 2, 1, 0]
	[2, 0, 0, 0, 2]
	[0, 1, 2, 0, 1]
	[0, 0, 0, 3, 0]

(60)  7 ≥ 
	[3, 1, 0, 0, 0]
	[2, 0, 1, 1, 1]
	[1, 2, 1, 1, 0]
	[0, 1, 1, 0, 2]
	[0, 0, 0, 3, 0]

(61)  7 ≥ 
	[3, 0, 0, 0, 0]
	[1, 2, 1, 1, 0]
	[1, 1, 2, 0, 1]
	[0, 2, 0, 0, 2]
	[0, 0, 1, 2, 1]

(62)  6 ≥ 
	[2, 1, 1, 0, 0]
	[2, 0, 0, 1, 1]
	[1, 2, 0, 1, 0]
	[0, 1, 0, 0, 2]
	[0, 0, 1, 2, 0]

(63)  5 ≥ 
	[2, 1, 0, 0, 0]
	[1, 1, 1, 1, 0]
	[1, 0, 1, 0, 1]
	[0, 1, 1, 0, 1]
	[0, 0, 0, 2, 0]

(64)  10 ≥ 
	[4, 2, 0, 0, 0]
	[3, 0, 3, 1, 0]
	[2, 2, 2, 2, 0]
	[0, 3, 3, 0, 0]
	[0, 0, 0, 2, 2]

(65)  7 ≥ 
	[3, 1, 0, 0, 0]
	[2, 0, 1, 1, 1]
	[1, 2, 1, 1, 0]
	[0, 1, 2, 0, 1]
	[0, 0, 0, 3, 0]

(66)  5 ≥ 
	[2, 1, 0, 0, 0]
	[1, 1, 1, 1, 0]
	[1, 0, 1, 0, 1]
	[0, 2, 1, 0, 0]
	[0, 0, 0, 2, 0]

(67)  9 ≥ 
	[3, 2, 1, 0, 0]
	[3, 0, 0, 2, 1]
	[2, 2, 0, 1, 2]
	[0, 3, 0, 2, 0]
	[0, 0, 2, 0, 2]

(68)  4 ≥ 
	[1, 1, 1, 0, 0]
	[1, 1, 0, 1, 0]
	[1, 0, 1, 1, 0]
	[0, 1, 1, 1, 0]
	[0, 0, 0, 0, 1]

(69)  5 ≥ 
	[2, 1, 0, 0, 0]
	[1, 0, 1, 1, 0]
	[0, 1, 2, 0, 0]
	[0, 1, 0, 2, 0]
	[0, 0, 0, 0, 2]

(70)  1 ≥ 
	[1, 0, 0, 0, 0]
	[1, 0, 0, 0, 0]
	[1, 0, 0, 0, 0]
	[1, 0, 0, 0, 0]
	[0, 0, 0, 0, 0]

(71)  7 ≥ 
	[3, 1, 0, 0, 0]
	[2, 0, 2, 1, 0]
	[1, 0, 1, 0, 2]
	[0, 1, 3, 0, 0]
	[0, 0, 0, 3, 0]

(72)  3 ≥ 
	[1, 1, 0, 0, 0]
	[1, 1, 0, 0, 0]
	[1, 0, 1, 0, 0]
	[0, 1, 1, 0, 0]
	[0, 0, 0, 1, 0]

(73)  10 ≥ 
	[4, 2, 0, 0, 0]
	[3, 0, 3, 1, 0]
	[2, 2, 2, 1, 1]
	[0, 2, 4, 0, 0]
	[0, 0, 0, 1, 3]

(74)  10 ≥ 
	[4, 2, 0, 0, 0]
	[3, 0, 3, 1, 0]
	[2, 2, 2, 2, 0]
	[0, 2, 3, 0, 1]
	[0, 0, 0, 4, 0]

(75)  10 ≥ 
	[4, 0, 0, 0, 0]
	[2, 2, 2, 2, 0]
	[1, 3, 2, 0, 1]
	[0, 3, 0, 3, 0]
	[0, 0, 2, 2, 2]

(76)  8 ≥ 
	[3, 2, 0, 0, 0]
	[2, 0, 2, 1, 0]
	[1, 0, 0, 0, 3]
	[0, 2, 2, 0, 1]
	[0, 1, 0, 3, 0]

(77)  12 ≥ 
	[4, 2, 2, 0, 0]
	[4, 0, 0, 2, 2]
	[3, 3, 0, 3, 0]
	[0, 4, 0, 0, 2]
	[0, 0, 3, 3, 0]

(78)  10 ≥ 
	[4, 2, 0, 0, 0]
	[3, 0, 3, 1, 0]
	[2, 2, 2, 2, 0]
	[0, 2, 4, 0, 0]
	[0, 0, 0, 2, 2]

(79)  7 ≥ 
	[3, 1, 0, 0, 0]
	[2, 0, 2, 1, 0]
	[1, 1, 1, 2, 0]
	[0, 2, 2, 0, 0]
	[0, 0, 0, 1, 2]

(80)  7 ≥ 
	[2, 2, 1, 0, 0]
	[2, 1, 0, 1, 1]
	[2, 0, 1, 2, 0]
	[0, 2, 0, 2, 0]
	[0, 0, 2, 0, 1]

(81)  7 ≥ 
	[3, 1, 0, 0, 0]
	[2, 0, 2, 1, 0]
	[1, 1, 1, 2, 0]
	[0, 1, 3, 0, 0]
	[0, 0, 0, 1, 2]

(82)  8 ≥ 
	[3, 2, 0, 0, 0]
	[2, 1, 1, 1, 1]
	[2, 0, 3, 0, 0]
	[0, 2, 2, 1, 0]
	[0, 0, 0, 0, 3]

(83)  8 ≥ 
	[4, 0, 0, 0, 0]
	[2, 1, 1, 1, 1]
	[1, 3, 1, 0, 0]
	[0, 1, 0, 3, 0]
	[0, 0, 1, 0, 3]

(84)  8 ≥ 
	[2, 2, 1, 0, 0]
	[2, 0, 0, 2, 1]
	[1, 0, 2, 0, 2]
	[0, 2, 0, 1, 2]
	[0, 1, 2, 2, 0]

(85)  5 ≥ 
	[2, 1, 0, 0, 0]
	[2, 0, 1, 0, 0]
	[1, 1, 1, 1, 0]
	[0, 2, 1, 0, 0]
	[0, 0, 0, 1, 1]

(86)  7 ≥ 
	[3, 1, 0, 0, 0]
	[2, 0, 1, 1, 1]
	[1, 1, 2, 1, 0]
	[0, 1, 1, 0, 2]
	[0, 0, 0, 3, 0]

(87)  4 ≥ 
	[2, 0, 0, 0, 0]
	[1, 1, 1, 0, 0]
	[0, 1, 0, 1, 0]
	[0, 1, 0, 1, 0]
	[0, 0, 1, 0, 1]

(88)  2 ≥ 
	[1, 0, 0, 0, 0]
	[1, 0, 0, 0, 0]
	[1, 0, 0, 0, 0]
	[0, 1, 0, 0, 0]
	[0, 0, 1, 0, 0]

(89)  4 ≥ 
	[2, 0, 0, 0, 0]
	[2, 0, 0, 0, 0]
	[1, 1, 1, 0, 0]
	[0, 1, 0, 1, 0]
	[0, 0, 1, 0, 1]

(90)  10 ≥ 
	[4, 0, 0, 0, 0]
	[2, 2, 2, 2, 0]
	[1, 3, 2, 0, 1]
	[0, 3, 0, 3, 0]
	[0, 0, 3, 2, 1]

(91)  7 ≥ 
	[3, 1, 0, 0, 0]
	[1, 2, 1, 1, 0]
	[1, 0, 2, 0, 1]
	[0, 2, 0, 0, 2]
	[0, 0, 0, 3, 0]

(92)  10 ≥ 
	[4, 0, 0, 0, 0]
	[2, 2, 2, 2, 0]
	[1, 3, 3, 0, 0]
	[0, 3, 0, 3, 0]
	[0, 0, 3, 2, 1]

(93)  8 ≥ 
	[3, 1, 1, 0, 0]
	[2, 1, 0, 2, 1]
	[2, 0, 1, 1, 2]
	[0, 2, 0, 0, 2]
	[0, 0, 1, 3, 0]

(94)  10 ≥ 
	[4, 2, 0, 0, 0]
	[3, 0, 3, 1, 0]
	[2, 0, 1, 0, 3]
	[0, 2, 3, 0, 1]
	[0, 0, 0, 4, 0]

(95)  7 ≥ 
	[3, 1, 0, 0, 0]
	[1, 2, 1, 1, 0]
	[1, 0, 1, 0, 2]
	[0, 2, 0, 0, 2]
	[0, 0, 0, 3, 0]

(96)  8 ≥ 
	[3, 1, 0, 0, 0]
	[2, 0, 2, 1, 1]
	[1, 1, 2, 2, 0]
	[0, 2, 2, 0, 1]
	[0, 0, 0, 3, 1]

(97)  9 ≥ 
	[3, 2, 1, 0, 0]
	[3, 0, 0, 2, 1]
	[2, 2, 0, 1, 2]
	[0, 3, 0, 2, 0]
	[0, 0, 1, 0, 3]

(98)  6 ≥ 
	[2, 1, 1, 0, 0]
	[2, 0, 0, 1, 1]
	[1, 1, 1, 1, 1]
	[0, 2, 0, 1, 0]
	[0, 0, 1, 0, 2]

(99)  8 ≥ 
	[4, 0, 0, 0, 0]
	[2, 2, 1, 1, 0]
	[1, 1, 3, 0, 0]
	[0, 4, 0, 0, 0]
	[0, 0, 1, 1, 2]

(100)  10 ≥ 
	[4, 2, 0, 0, 0]
	[3, 0, 3, 1, 0]
	[2, 2, 2, 1, 1]
	[0, 3, 3, 0, 0]
	[0, 0, 0, 3, 1]

(101)  8 ≥ 
	[4, 0, 0, 0, 0]
	[2, 1, 1, 1, 1]
	[1, 3, 1, 0, 0]
	[0, 1, 0, 3, 0]
	[0, 0, 3, 0, 1]

(102)  8 ≥ 
	[4, 0, 0, 0, 0]
	[2, 2, 2, 0, 0]
	[1, 1, 1, 2, 0]
	[0, 4, 0, 0, 0]
	[0, 0, 2, 0, 2]

(103)  5 ≥ 
	[2, 1, 0, 0, 0]
	[2, 0, 1, 0, 0]
	[2, 0, 0, 1, 0]
	[0, 1, 1, 1, 0]
	[0, 0, 0, 0, 2]

(104)  10 ≥ 
	[4, 2, 0, 0, 0]
	[3, 0, 3, 1, 0]
	[2, 2, 2, 1, 1]
	[0, 3, 3, 0, 0]
	[0, 0, 0, 1, 3]

(105)  8 ≥ 
	[3, 1, 1, 0, 0]
	[2, 1, 0, 2, 1]
	[2, 0, 1, 1, 2]
	[0, 2, 0, 0, 2]
	[0, 0, 2, 2, 0]

(106)  7 ≥ 
	[3, 1, 0, 0, 0]
	[2, 0, 1, 1, 1]
	[1, 0, 3, 0, 0]
	[0, 1, 1, 2, 0]
	[0, 0, 0, 0, 3]

(107)  6 ≥ 
	[3, 0, 0, 0, 0]
	[1, 1, 1, 1, 0]
	[0, 3, 0, 0, 0]
	[0, 0, 3, 0, 0]
	[0, 0, 0, 3, 0]

(108)  6 ≥ 
	[3, 0, 0, 0, 0]
	[2, 1, 1, 0, 0]
	[2, 0, 0, 1, 1]
	[0, 2, 0, 1, 0]
	[0, 0, 1, 0, 2]

(109)  4 ≥ 
	[2, 0, 0, 0, 0]
	[1, 1, 1, 0, 0]
	[1, 1, 1, 0, 0]
	[0, 2, 0, 0, 0]
	[0, 0, 2, 0, 0]

(110)  10 ≥ 
	[3, 2, 2, 0, 0]
	[3, 0, 0, 2, 1]
	[2, 3, 0, 0, 2]
	[0, 3, 1, 2, 0]
	[0, 0, 2, 0, 3]

(111)  3 ≥ 
	[1, 1, 0, 0, 0]
	[1, 0, 1, 0, 0]
	[0, 1, 1, 0, 0]
	[0, 0, 0, 1, 0]
	[0, 0, 0, 1, 0]

(112)  6 ≥ 
	[3, 0, 0, 0, 0]
	[1, 1, 1, 1, 0]
	[0, 3, 0, 0, 0]
	[0, 0, 1, 0, 2]
	[0, 0, 0, 1, 2]

(113)  4 ≥ 
	[2, 0, 0, 0, 0]
	[1, 1, 1, 0, 0]
	[0, 2, 0, 0, 0]
	[0, 0, 1, 1, 0]
	[0, 0, 1, 1, 0]

(114)  7 ≥ 
	[3, 1, 0, 0, 0]
	[2, 0, 2, 1, 0]
	[1, 2, 1, 1, 0]
	[0, 1, 3, 0, 0]
	[0, 0, 0, 3, 0]

(115)  7 ≥ 
	[3, 1, 0, 0, 0]
	[3, 0, 1, 0, 0]
	[2, 0, 0, 2, 1]
	[0, 1, 1, 2, 0]
	[0, 0, 0, 0, 3]

(116)  5 ≥ 
	[2, 1, 0, 0, 0]
	[2, 0, 1, 0, 0]
	[1, 0, 0, 2, 0]
	[0, 1, 1, 1, 0]
	[0, 0, 0, 0, 2]

(117)  4 ≥ 
	[2, 0, 0, 0, 0]
	[1, 1, 1, 0, 0]
	[1, 1, 0, 1, 0]
	[0, 2, 0, 0, 0]
	[0, 0, 1, 1, 0]

(118)  10 ≥ 
	[4, 2, 0, 0, 0]
	[3, 0, 3, 1, 0]
	[2, 2, 2, 2, 0]
	[0, 2, 4, 0, 0]
	[0, 0, 0, 4, 0]

(119)  10 ≥ 
	[4, 2, 0, 0, 0]
	[3, 0, 2, 1, 1]
	[2, 2, 2, 2, 0]
	[0, 2, 2, 0, 2]
	[0, 0, 0, 4, 0]

(120)  8 ≥ 
	[4, 0, 0, 0, 0]
	[2, 2, 2, 0, 0]
	[1, 1, 1, 2, 0]
	[0, 4, 0, 0, 0]
	[0, 0, 4, 0, 0]

(121)  7 ≥ 
	[3, 1, 0, 0, 0]
	[2, 0, 2, 1, 0]
	[1, 1, 1, 1, 1]
	[0, 1, 3, 0, 0]
	[0, 0, 0, 3, 0]

(122)  4 ≥ 
	[1, 1, 1, 0, 0]
	[1, 1, 0, 1, 0]
	[1, 0, 0, 0, 1]
	[0, 1, 0, 0, 1]
	[0, 0, 1, 1, 0]

(123)  6 ≥ 
	[2, 1, 1, 0, 0]
	[2, 0, 0, 1, 1]
	[1, 2, 0, 1, 0]
	[0, 1, 0, 0, 2]
	[0, 0, 2, 1, 0]

(124)  5 ≥ 
	[2, 1, 0, 0, 0]
	[2, 0, 1, 0, 0]
	[1, 1, 1, 1, 0]
	[0, 1, 1, 0, 1]
	[0, 0, 0, 2, 0]

(125)  12 ≥ 
	[4, 2, 2, 0, 0]
	[4, 0, 0, 2, 2]
	[3, 3, 0, 3, 0]
	[0, 3, 0, 0, 3]
	[0, 0, 2, 4, 0]

(126)  7 ≥ 
	[3, 0, 0, 0, 0]
	[1, 2, 2, 0, 0]
	[0, 2, 0, 2, 0]
	[0, 2, 0, 0, 2]
	[0, 0, 2, 1, 1]

(127)  6 ≥ 
	[2, 2, 0, 0, 0]
	[2, 0, 1, 1, 0]
	[1, 1, 2, 0, 0]
	[0, 2, 1, 1, 0]
	[0, 0, 0, 0, 2]

(128)  10 ≥ 
	[3, 2, 2, 0, 0]
	[3, 0, 0, 2, 1]
	[2, 3, 0, 0, 2]
	[0, 3, 1, 2, 0]
	[0, 0, 3, 0, 2]

(129)  5 ≥ 
	[2, 1, 0, 0, 0]
	[1, 0, 1, 1, 0]
	[0, 1, 2, 0, 0]
	[0, 1, 0, 1, 1]
	[0, 0, 0, 0, 2]

(130)  10 ≥ 
	[4, 2, 0, 0, 0]
	[2, 0, 2, 2, 0]
	[1, 3, 2, 0, 1]
	[0, 3, 0, 3, 0]
	[0, 0, 0, 0, 4]

