(1)  4 ≥ 
	[2, 0, 0, 0, 0]
	[2, 0, 0, 0, 0]
	[1, 1, 1, 0, 0]
	[1, 1, 0, 1, 0]
	[0, 1, 0, 0, 1]
	[0, 0, 1, 1, 0]

(2)  1 ≥ 
	[1, 0, 0, 0, 0]
	[1, 0, 0, 0, 0]
	[1, 0, 0, 0, 0]
	[1, 0, 0, 0, 0]
	[1, 0, 0, 0, 0]
	[0, 0, 0, 0, 0]

(3)  5 ≥ 
	[2, 1, 0, 0, 0]
	[2, 1, 0, 0, 0]
	[2, 0, 1, 0, 0]
	[1, 1, 1, 1, 0]
	[0, 1, 1, 0, 1]
	[0, 0, 0, 2, 0]

(4)  4 ≥ 
	[2, 0, 0, 0, 0]
	[2, 0, 0, 0, 0]
	[1, 1, 1, 0, 0]
	[1, 1, 1, 0, 0]
	[0, 1, 0, 1, 0]
	[0, 0, 1, 0, 1]

(5)  4 ≥ 
	[2, 0, 0, 0, 0]
	[2, 0, 0, 0, 0]
	[1, 1, 1, 0, 0]
	[1, 1, 1, 0, 0]
	[0, 2, 0, 0, 0]
	[0, 0, 1, 1, 0]

(6)  2 ≥ 
	[1, 0, 0, 0, 0]
	[1, 0, 0, 0, 0]
	[1, 0, 0, 0, 0]
	[0, 1, 0, 0, 0]
	[0, 0, 1, 0, 0]
	[0, 0, 0, 1, 0]

(7)  4 ≥ 
	[2, 0, 0, 0, 0]
	[1, 1, 1, 0, 0]
	[1, 1, 1, 0, 0]
	[1, 1, 1, 0, 0]
	[0, 2, 0, 0, 0]
	[0, 0, 1, 1, 0]

(8)  2 ≥ 
	[1, 0, 0, 0, 0]
	[1, 0, 0, 0, 0]
	[1, 0, 0, 0, 0]
	[1, 0, 0, 0, 0]
	[0, 1, 0, 0, 0]
	[0, 0, 1, 0, 0]

(9)  5 ≥ 
	[2, 1, 0, 0, 0]
	[2, 0, 1, 0, 0]
	[1, 1, 1, 1, 0]
	[1, 1, 1, 1, 0]
	[0, 1, 1, 0, 1]
	[0, 0, 0, 2, 0]

(10)  5 ≥ 
	[2, 1, 0, 0, 0]
	[2, 1, 0, 0, 0]
	[2, 0, 1, 0, 0]
	[2, 0, 0, 1, 0]
	[0, 1, 1, 1, 0]
	[0, 0, 0, 0, 2]

(11)  3 ≥ 
	[1, 1, 0, 0, 0]
	[1, 1, 0, 0, 0]
	[1, 1, 0, 0, 0]
	[1, 0, 1, 0, 0]
	[0, 1, 1, 0, 0]
	[0, 0, 0, 1, 0]

(12)  4 ≥ 
	[2, 0, 0, 0, 0]
	[1, 1, 1, 0, 0]
	[1, 1, 1, 0, 0]
	[1, 1, 1, 0, 0]
	[0, 1, 0, 1, 0]
	[0, 0, 1, 0, 1]

(13)  4 ≥ 
	[2, 0, 0, 0, 0]
	[2, 0, 0, 0, 0]
	[2, 0, 0, 0, 0]
	[1, 1, 1, 0, 0]
	[0, 2, 0, 0, 0]
	[0, 0, 2, 0, 0]

(14)  3 ≥ 
	[1, 1, 0, 0, 0]
	[1, 1, 0, 0, 0]
	[1, 0, 1, 0, 0]
	[1, 0, 1, 0, 0]
	[0, 1, 1, 0, 0]
	[0, 0, 0, 1, 0]

(15)  4 ≥ 
	[2, 0, 0, 0, 0]
	[2, 0, 0, 0, 0]
	[2, 0, 0, 0, 0]
	[1, 1, 1, 0, 0]
	[0, 1, 0, 1, 0]
	[0, 0, 1, 0, 1]

(16)  7 ≥ 
	[3, 1, 0, 0, 0]
	[3, 0, 1, 0, 0]
	[3, 0, 0, 1, 0]
	[2, 0, 1, 1, 1]
	[0, 2, 1, 1, 0]
	[0, 0, 0, 0, 3]

(17)  4 ≥ 
	[2, 0, 0, 0, 0]
	[2, 0, 0, 0, 0]
	[2, 0, 0, 0, 0]
	[1, 1, 1, 0, 0]
	[0, 2, 0, 0, 0]
	[0, 0, 1, 1, 0]

(18)  4 ≥ 
	[2, 0, 0, 0, 0]
	[1, 1, 1, 0, 0]
	[1, 1, 1, 0, 0]
	[1, 1, 0, 1, 0]
	[0, 1, 0, 0, 1]
	[0, 0, 1, 1, 0]

(19)  6 ≥ 
	[3, 0, 0, 0, 0]
	[2, 1, 1, 0, 0]
	[2, 1, 0, 1, 0]
	[2, 0, 0, 1, 1]
	[0, 1, 0, 0, 2]
	[0, 0, 2, 1, 0]

