(1)  3 ≥ 
	[1, 0, 0, 0, 0]
	[1, 0, 0, 0, 0]
	[1, 0, 0, 0, 0]
	[0, 1, 0, 0, 0]
	[0, 1, 0, 0, 0]
	[0, 1, 0, 0, 0]
	[0, 0, 1, 0, 0]
	[0, 0, 0, 1, 0]

(2)  20 ≥ 
	[6, 2, 0, 0, 0]
	[4, 0, 4, 2, 2]
	[4, 0, 4, 2, 2]
	[3, 2, 3, 3, 3]
	[2, 4, 2, 2, 2]
	[0, 2, 6, 0, 0]
	[0, 0, 0, 6, 0]
	[0, 0, 0, 0, 6]

(3)  13 ≥ 
	[4, 1, 0, 0, 0]
	[4, 0, 1, 0, 0]
	[2, 3, 0, 1, 1]
	[2, 2, 1, 2, 2]
	[1, 1, 3, 1, 1]
	[0, 4, 1, 0, 0]
	[0, 0, 0, 4, 0]
	[0, 0, 0, 0, 4]

(4)  14 ≥ 
	[4, 2, 0, 0, 0]
	[4, 2, 0, 0, 0]
	[3, 0, 3, 1, 1]
	[2, 2, 2, 2, 2]
	[2, 0, 4, 0, 0]
	[0, 2, 4, 0, 0]
	[0, 0, 0, 4, 0]
	[0, 0, 0, 0, 4]

(5)  10 ≥ 
	[3, 1, 0, 0, 0]
	[2, 0, 2, 1, 1]
	[1, 2, 1, 1, 1]
	[1, 2, 1, 1, 1]
	[1, 2, 1, 1, 1]
	[0, 1, 3, 0, 0]
	[0, 0, 0, 3, 0]
	[0, 0, 0, 0, 3]

(6)  6 ≥ 
	[2, 0, 0, 0, 0]
	[1, 1, 1, 1, 0]
	[1, 1, 1, 1, 0]
	[1, 1, 1, 1, 0]
	[0, 2, 0, 0, 0]
	[0, 0, 2, 0, 0]
	[0, 0, 0, 1, 1]
	[0, 0, 0, 1, 1]

(7)  12 ≥ 
	[4, 0, 0, 0, 0]
	[2, 2, 2, 1, 1]
	[1, 1, 1, 3, 0]
	[1, 1, 1, 3, 0]
	[0, 4, 0, 0, 0]
	[0, 0, 4, 0, 0]
	[0, 0, 0, 3, 1]
	[0, 0, 0, 1, 3]

(8)  6 ≥ 
	[2, 0, 0, 0, 0]
	[1, 1, 1, 1, 0]
	[1, 1, 1, 1, 0]
	[1, 1, 1, 0, 1]
	[1, 1, 1, 0, 1]
	[0, 2, 0, 0, 0]
	[0, 0, 2, 0, 0]
	[0, 0, 0, 1, 1]

(9)  12 ≥ 
	[4, 0, 0, 0, 0]
	[4, 0, 0, 0, 0]
	[2, 2, 2, 1, 1]
	[1, 1, 1, 3, 0]
	[0, 4, 0, 0, 0]
	[0, 0, 4, 0, 0]
	[0, 0, 0, 1, 3]
	[0, 0, 0, 1, 3]

(10)  12 ≥ 
	[4, 0, 0, 0, 0]
	[4, 0, 0, 0, 0]
	[2, 2, 2, 2, 0]
	[2, 2, 2, 2, 0]
	[1, 1, 1, 1, 2]
	[0, 4, 0, 0, 0]
	[0, 0, 4, 0, 0]
	[0, 0, 0, 4, 0]

(11)  14 ≥ 
	[4, 2, 0, 0, 0]
	[4, 0, 2, 0, 0]
	[3, 3, 0, 1, 1]
	[2, 2, 2, 2, 2]
	[1, 2, 3, 1, 1]
	[0, 3, 3, 0, 0]
	[0, 0, 0, 4, 0]
	[0, 0, 0, 0, 4]

(12)  6 ≥ 
	[2, 0, 0, 0, 0]
	[2, 0, 0, 0, 0]
	[1, 1, 1, 1, 0]
	[1, 1, 1, 1, 0]
	[1, 0, 0, 0, 1]
	[0, 2, 0, 0, 0]
	[0, 0, 2, 0, 0]
	[0, 0, 0, 2, 0]

(13)  14 ≥ 
	[4, 2, 0, 0, 0]
	[4, 2, 0, 0, 0]
	[3, 0, 3, 1, 1]
	[3, 0, 3, 1, 1]
	[2, 2, 2, 2, 2]
	[0, 3, 3, 0, 0]
	[0, 0, 0, 4, 0]
	[0, 0, 0, 0, 4]

(14)  14 ≥ 
	[4, 2, 0, 0, 0]
	[3, 3, 0, 0, 0]
	[3, 3, 0, 0, 0]
	[3, 0, 3, 1, 1]
	[2, 2, 2, 2, 2]
	[0, 2, 4, 0, 0]
	[0, 0, 0, 4, 0]
	[0, 0, 0, 0, 4]

(15)  12 ≥ 
	[4, 0, 0, 0, 0]
	[3, 1, 1, 1, 0]
	[2, 2, 2, 1, 1]
	[1, 1, 1, 0, 3]
	[0, 4, 0, 0, 0]
	[0, 0, 4, 0, 0]
	[0, 0, 0, 3, 1]
	[0, 0, 0, 1, 3]

(16)  10 ≥ 
	[3, 1, 0, 0, 0]
	[2, 0, 2, 1, 1]
	[1, 2, 1, 1, 1]
	[1, 2, 1, 1, 1]
	[1, 1, 1, 2, 1]
	[0, 1, 3, 0, 0]
	[0, 0, 0, 3, 0]
	[0, 0, 0, 0, 3]

(17)  10 ≥ 
	[3, 1, 0, 0, 0]
	[2, 2, 1, 1, 0]
	[2, 0, 0, 0, 2]
	[1, 3, 0, 0, 0]
	[1, 1, 1, 1, 2]
	[0, 2, 0, 0, 2]
	[0, 0, 3, 0, 0]
	[0, 0, 0, 3, 0]

(18)  6 ≥ 
	[2, 0, 0, 0, 0]
	[2, 0, 0, 0, 0]
	[1, 1, 1, 1, 0]
	[1, 0, 0, 0, 1]
	[0, 2, 0, 0, 0]
	[0, 2, 0, 0, 0]
	[0, 0, 2, 0, 0]
	[0, 0, 0, 2, 0]

(19)  14 ≥ 
	[4, 2, 0, 0, 0]
	[3, 3, 1, 1, 0]
	[3, 3, 1, 1, 0]
	[3, 0, 1, 1, 3]
	[2, 2, 2, 2, 2]
	[0, 3, 0, 0, 3]
	[0, 0, 4, 0, 0]
	[0, 0, 0, 4, 0]

(20)  9 ≥ 
	[3, 0, 0, 0, 0]
	[3, 0, 0, 0, 0]
	[3, 0, 0, 0, 0]
	[1, 1, 1, 1, 1]
	[0, 3, 0, 0, 0]
	[0, 0, 3, 0, 0]
	[0, 0, 0, 3, 0]
	[0, 0, 0, 0, 3]

(21)  8 ≥ 
	[2, 2, 0, 0, 0]
	[2, 2, 0, 0, 0]
	[2, 2, 0, 0, 0]
	[2, 0, 2, 0, 0]
	[1, 1, 1, 1, 1]
	[0, 2, 2, 0, 0]
	[0, 0, 0, 2, 0]
	[0, 0, 0, 0, 2]

(22)  14 ≥ 
	[4, 2, 0, 0, 0]
	[3, 3, 1, 1, 0]
	[3, 0, 1, 1, 3]
	[2, 2, 2, 2, 2]
	[1, 3, 1, 1, 2]
	[0, 3, 0, 0, 3]
	[0, 0, 4, 0, 0]
	[0, 0, 0, 4, 0]

(23)  6 ≥ 
	[2, 0, 0, 0, 0]
	[1, 1, 1, 1, 0]
	[1, 1, 1, 1, 0]
	[1, 1, 1, 0, 1]
	[0, 2, 0, 0, 0]
	[0, 0, 2, 0, 0]
	[0, 0, 0, 1, 1]
	[0, 0, 0, 1, 1]

(24)  7 ≥ 
	[2, 1, 0, 0, 0]
	[2, 1, 0, 0, 0]
	[2, 1, 0, 0, 0]
	[1, 1, 1, 1, 1]
	[1, 0, 2, 0, 0]
	[0, 2, 1, 0, 0]
	[0, 0, 0, 2, 0]
	[0, 0, 0, 0, 2]

(25)  7 ≥ 
	[2, 1, 0, 0, 0]
	[2, 1, 0, 0, 0]
	[1, 1, 1, 1, 1]
	[1, 0, 2, 0, 0]
	[0, 2, 1, 0, 0]
	[0, 0, 0, 2, 0]
	[0, 0, 0, 2, 0]
	[0, 0, 0, 0, 2]

(26)  14 ≥ 
	[4, 2, 0, 0, 0]
	[3, 0, 3, 1, 1]
	[3, 0, 3, 1, 1]
	[2, 2, 2, 2, 2]
	[2, 2, 2, 2, 2]
	[0, 3, 3, 0, 0]
	[0, 0, 0, 4, 0]
	[0, 0, 0, 0, 4]

(27)  14 ≥ 
	[4, 2, 0, 0, 0]
	[3, 3, 1, 1, 0]
	[3, 0, 0, 0, 3]
	[2, 2, 2, 2, 2]
	[0, 4, 0, 0, 2]
	[0, 0, 4, 0, 0]
	[0, 0, 4, 0, 0]
	[0, 0, 0, 4, 0]

(28)  14 ≥ 
	[4, 2, 0, 0, 0]
	[3, 0, 3, 1, 1]
	[2, 3, 1, 1, 1]
	[2, 2, 2, 2, 2]
	[0, 2, 4, 0, 0]
	[0, 0, 0, 4, 0]
	[0, 0, 0, 4, 0]
	[0, 0, 0, 0, 4]

(29)  3 ≥ 
	[1, 0, 0, 0, 0]
	[1, 0, 0, 0, 0]
	[1, 0, 0, 0, 0]
	[1, 0, 0, 0, 0]
	[0, 1, 0, 0, 0]
	[0, 0, 1, 0, 0]
	[0, 0, 0, 1, 0]
	[0, 0, 0, 0, 1]

(30)  10 ≥ 
	[3, 1, 0, 0, 0]
	[2, 2, 0, 0, 0]
	[2, 0, 2, 1, 1]
	[1, 2, 1, 1, 1]
	[0, 1, 3, 0, 0]
	[0, 0, 0, 3, 0]
	[0, 0, 0, 3, 0]
	[0, 0, 0, 0, 3]

(31)  14 ≥ 
	[4, 2, 0, 0, 0]
	[3, 0, 3, 1, 1]
	[2, 2, 2, 2, 2]
	[0, 3, 3, 0, 0]
	[0, 0, 0, 4, 0]
	[0, 0, 0, 4, 0]
	[0, 0, 0, 4, 0]
	[0, 0, 0, 0, 4]

(32)  14 ≥ 
	[4, 2, 0, 0, 0]
	[3, 3, 1, 1, 0]
	[3, 0, 0, 0, 3]
	[2, 2, 2, 2, 2]
	[2, 1, 1, 1, 3]
	[0, 4, 0, 0, 2]
	[0, 0, 4, 0, 0]
	[0, 0, 0, 4, 0]

(33)  6 ≥ 
	[2, 0, 0, 0, 0]
	[2, 0, 0, 0, 0]
	[2, 0, 0, 0, 0]
	[1, 1, 1, 1, 0]
	[1, 1, 1, 1, 0]
	[0, 2, 0, 0, 0]
	[0, 0, 2, 0, 0]
	[0, 0, 0, 2, 0]

(34)  10 ≥ 
	[3, 1, 0, 0, 0]
	[3, 1, 0, 0, 0]
	[2, 0, 2, 1, 1]
	[1, 2, 1, 1, 1]
	[0, 1, 3, 0, 0]
	[0, 0, 0, 3, 0]
	[0, 0, 0, 3, 0]
	[0, 0, 0, 0, 3]

(35)  10 ≥ 
	[3, 1, 0, 0, 0]
	[2, 0, 2, 1, 1]
	[1, 2, 1, 1, 1]
	[1, 1, 1, 2, 1]
	[0, 1, 3, 0, 0]
	[0, 0, 0, 3, 0]
	[0, 0, 0, 3, 0]
	[0, 0, 0, 0, 3]

(36)  14 ≥ 
	[4, 2, 0, 0, 0]
	[4, 2, 0, 0, 0]
	[4, 2, 0, 0, 0]
	[3, 0, 3, 1, 1]
	[2, 2, 2, 2, 2]
	[0, 3, 3, 0, 0]
	[0, 0, 0, 4, 0]
	[0, 0, 0, 0, 4]

(37)  12 ≥ 
	[4, 0, 0, 0, 0]
	[3, 1, 1, 1, 0]
	[2, 2, 2, 1, 1]
	[1, 1, 1, 3, 0]
	[0, 4, 0, 0, 0]
	[0, 0, 4, 0, 0]
	[0, 0, 0, 3, 1]
	[0, 0, 0, 1, 3]

(38)  6 ≥ 
	[2, 0, 0, 0, 0]
	[2, 0, 0, 0, 0]
	[2, 0, 0, 0, 0]
	[2, 0, 0, 0, 0]
	[1, 1, 1, 1, 0]
	[0, 2, 0, 0, 0]
	[0, 0, 2, 0, 0]
	[0, 0, 0, 2, 0]

(39)  10 ≥ 
	[3, 1, 0, 0, 0]
	[3, 0, 1, 0, 0]
	[2, 2, 0, 1, 1]
	[1, 1, 2, 1, 1]
	[0, 3, 1, 0, 0]
	[0, 0, 0, 3, 0]
	[0, 0, 0, 3, 0]
	[0, 0, 0, 0, 3]

(40)  14 ≥ 
	[4, 2, 0, 0, 0]
	[3, 0, 3, 1, 1]
	[2, 2, 2, 2, 2]
	[2, 2, 2, 2, 2]
	[0, 3, 3, 0, 0]
	[0, 3, 3, 0, 0]
	[0, 0, 0, 4, 0]
	[0, 0, 0, 0, 4]

(41)  14 ≥ 
	[4, 2, 0, 0, 0]
	[4, 2, 0, 0, 0]
	[3, 3, 0, 0, 0]
	[3, 0, 3, 1, 1]
	[2, 2, 2, 2, 2]
	[0, 2, 4, 0, 0]
	[0, 0, 0, 4, 0]
	[0, 0, 0, 0, 4]

(42)  10 ≥ 
	[3, 1, 0, 0, 0]
	[2, 2, 0, 0, 0]
	[2, 0, 2, 1, 1]
	[1, 2, 1, 1, 1]
	[0, 2, 2, 0, 0]
	[0, 1, 3, 0, 0]
	[0, 0, 0, 3, 0]
	[0, 0, 0, 0, 3]

(43)  10 ≥ 
	[3, 1, 0, 0, 0]
	[2, 2, 0, 0, 0]
	[2, 0, 2, 1, 1]
	[2, 0, 2, 1, 1]
	[1, 2, 1, 1, 1]
	[0, 1, 3, 0, 0]
	[0, 0, 0, 3, 0]
	[0, 0, 0, 0, 3]

(44)  6 ≥ 
	[2, 0, 0, 0, 0]
	[1, 1, 1, 1, 0]
	[1, 1, 1, 0, 1]
	[0, 2, 0, 0, 0]
	[0, 0, 2, 0, 0]
	[0, 0, 0, 1, 1]
	[0, 0, 0, 1, 1]
	[0, 0, 0, 1, 1]

(45)  6 ≥ 
	[2, 0, 0, 0, 0]
	[1, 1, 1, 1, 0]
	[1, 1, 1, 1, 0]
	[1, 0, 0, 0, 1]
	[0, 2, 0, 0, 0]
	[0, 1, 0, 0, 1]
	[0, 0, 2, 0, 0]
	[0, 0, 0, 2, 0]

(46)  7 ≥ 
	[2, 1, 0, 0, 0]
	[2, 0, 1, 0, 0]
	[1, 1, 1, 1, 1]
	[1, 1, 1, 1, 1]
	[0, 2, 1, 0, 0]
	[0, 1, 2, 0, 0]
	[0, 0, 0, 2, 0]
	[0, 0, 0, 0, 2]

(47)  12 ≥ 
	[4, 0, 0, 0, 0]
	[3, 1, 1, 1, 0]
	[2, 2, 2, 1, 1]
	[2, 2, 2, 1, 1]
	[1, 1, 1, 3, 0]
	[0, 4, 0, 0, 0]
	[0, 0, 4, 0, 0]
	[0, 0, 0, 1, 3]

(48)  7 ≥ 
	[2, 1, 0, 0, 0]
	[2, 1, 0, 0, 0]
	[2, 0, 1, 0, 0]
	[1, 1, 1, 1, 1]
	[0, 1, 2, 0, 0]
	[0, 0, 0, 2, 0]
	[0, 0, 0, 2, 0]
	[0, 0, 0, 0, 2]

(49)  8 ≥ 
	[2, 2, 0, 0, 0]
	[2, 0, 2, 0, 0]
	[1, 1, 1, 1, 1]
	[1, 1, 1, 1, 1]
	[1, 1, 1, 1, 1]
	[0, 2, 2, 0, 0]
	[0, 0, 0, 2, 0]
	[0, 0, 0, 0, 2]

(50)  12 ≥ 
	[4, 0, 0, 0, 0]
	[2, 2, 2, 1, 1]
	[1, 1, 1, 3, 0]
	[0, 4, 0, 0, 0]
	[0, 0, 4, 0, 0]
	[0, 0, 0, 1, 3]
	[0, 0, 0, 1, 3]
	[0, 0, 0, 1, 3]

(51)  12 ≥ 
	[4, 0, 0, 0, 0]
	[4, 0, 0, 0, 0]
	[2, 2, 2, 2, 0]
	[1, 1, 1, 1, 2]
	[1, 1, 1, 1, 2]
	[0, 4, 0, 0, 0]
	[0, 0, 4, 0, 0]
	[0, 0, 0, 4, 0]

(52)  12 ≥ 
	[4, 0, 0, 0, 0]
	[2, 2, 2, 2, 0]
	[2, 0, 0, 0, 2]
	[1, 1, 1, 1, 2]
	[0, 4, 0, 0, 0]
	[0, 2, 0, 0, 2]
	[0, 0, 4, 0, 0]
	[0, 0, 0, 4, 0]

(53)  6 ≥ 
	[2, 0, 0, 0, 0]
	[2, 0, 0, 0, 0]
	[1, 1, 1, 1, 0]
	[0, 2, 0, 0, 0]
	[0, 2, 0, 0, 0]
	[0, 0, 2, 0, 0]
	[0, 0, 2, 0, 0]
	[0, 0, 0, 1, 1]

(54)  12 ≥ 
	[3, 3, 0, 0, 0]
	[3, 0, 3, 0, 0]
	[2, 2, 2, 1, 1]
	[2, 2, 2, 1, 1]
	[0, 3, 3, 0, 0]
	[0, 0, 0, 3, 0]
	[0, 0, 0, 3, 0]
	[0, 0, 0, 0, 3]

(55)  14 ≥ 
	[4, 2, 0, 0, 0]
	[4, 2, 0, 0, 0]
	[3, 0, 3, 1, 1]
	[2, 2, 2, 2, 2]
	[1, 3, 2, 1, 1]
	[0, 2, 4, 0, 0]
	[0, 0, 0, 4, 0]
	[0, 0, 0, 0, 4]

(56)  10 ≥ 
	[3, 1, 0, 0, 0]
	[3, 1, 0, 0, 0]
	[2, 2, 1, 1, 0]
	[2, 0, 0, 0, 2]
	[1, 1, 1, 1, 2]
	[0, 3, 0, 0, 1]
	[0, 0, 3, 0, 0]
	[0, 0, 0, 3, 0]

(57)  10 ≥ 
	[3, 1, 0, 0, 0]
	[3, 0, 1, 0, 0]
	[2, 2, 0, 1, 1]
	[2, 0, 2, 0, 0]
	[1, 1, 2, 1, 1]
	[0, 3, 1, 0, 0]
	[0, 0, 0, 3, 0]
	[0, 0, 0, 0, 3]

(58)  10 ≥ 
	[3, 1, 0, 0, 0]
	[3, 1, 0, 0, 0]
	[3, 1, 0, 0, 0]
	[2, 0, 2, 1, 1]
	[1, 2, 1, 1, 1]
	[0, 1, 3, 0, 0]
	[0, 0, 0, 3, 0]
	[0, 0, 0, 0, 3]

(59)  14 ≥ 
	[4, 2, 0, 0, 0]
	[4, 0, 2, 0, 0]
	[3, 3, 0, 1, 1]
	[2, 2, 2, 2, 2]
	[0, 3, 3, 0, 0]
	[0, 3, 3, 0, 0]
	[0, 0, 0, 4, 0]
	[0, 0, 0, 0, 4]

(60)  12 ≥ 
	[3, 3, 0, 0, 0]
	[3, 3, 0, 0, 0]
	[3, 0, 3, 0, 0]
	[2, 2, 2, 1, 1]
	[2, 2, 2, 1, 1]
	[0, 3, 3, 0, 0]
	[0, 0, 0, 3, 0]
	[0, 0, 0, 0, 3]

(61)  12 ≥ 
	[4, 0, 0, 0, 0]
	[3, 1, 1, 1, 0]
	[3, 1, 1, 0, 1]
	[2, 2, 2, 1, 1]
	[1, 1, 1, 3, 0]
	[0, 4, 0, 0, 0]
	[0, 0, 4, 0, 0]
	[0, 0, 0, 1, 3]

(62)  13 ≥ 
	[4, 1, 0, 0, 0]
	[2, 2, 2, 2, 1]
	[2, 0, 0, 0, 3]
	[1, 4, 0, 0, 0]
	[1, 1, 1, 1, 3]
	[0, 2, 0, 0, 3]
	[0, 0, 4, 0, 0]
	[0, 0, 0, 4, 0]

(63)  14 ≥ 
	[4, 2, 0, 0, 0]
	[4, 0, 2, 0, 0]
	[3, 3, 0, 1, 1]
	[2, 4, 0, 0, 0]
	[2, 2, 2, 2, 2]
	[0, 4, 2, 0, 0]
	[0, 0, 0, 4, 0]
	[0, 0, 0, 0, 4]

(64)  8 ≥ 
	[2, 2, 0, 0, 0]
	[2, 2, 0, 0, 0]
	[2, 0, 2, 0, 0]
	[2, 0, 2, 0, 0]
	[1, 1, 1, 1, 1]
	[0, 2, 2, 0, 0]
	[0, 0, 0, 2, 0]
	[0, 0, 0, 0, 2]

(65)  7 ≥ 
	[2, 1, 0, 0, 0]
	[2, 1, 0, 0, 0]
	[2, 1, 0, 0, 0]
	[2, 0, 1, 0, 0]
	[1, 1, 1, 1, 1]
	[0, 1, 2, 0, 0]
	[0, 0, 0, 2, 0]
	[0, 0, 0, 0, 2]

(66)  7 ≥ 
	[2, 1, 0, 0, 0]
	[2, 0, 1, 0, 0]
	[1, 2, 0, 0, 0]
	[1, 1, 1, 1, 1]
	[1, 0, 2, 0, 0]
	[0, 2, 1, 0, 0]
	[0, 0, 0, 2, 0]
	[0, 0, 0, 0, 2]

(67)  12 ≥ 
	[4, 0, 0, 0, 0]
	[4, 0, 0, 0, 0]
	[4, 0, 0, 0, 0]
	[2, 2, 2, 2, 0]
	[1, 1, 1, 1, 2]
	[0, 4, 0, 0, 0]
	[0, 0, 4, 0, 0]
	[0, 0, 0, 4, 0]

(68)  20 ≥ 
	[6, 2, 0, 0, 0]
	[4, 0, 4, 2, 2]
	[3, 2, 3, 3, 3]
	[3, 2, 3, 3, 3]
	[2, 4, 2, 2, 2]
	[0, 2, 6, 0, 0]
	[0, 0, 0, 6, 0]
	[0, 0, 0, 0, 6]

(69)  14 ≥ 
	[4, 2, 0, 0, 0]
	[3, 0, 3, 1, 1]
	[2, 2, 2, 2, 2]
	[2, 2, 2, 2, 2]
	[2, 2, 2, 2, 2]
	[0, 2, 4, 0, 0]
	[0, 0, 0, 4, 0]
	[0, 0, 0, 0, 4]

(70)  7 ≥ 
	[2, 1, 0, 0, 0]
	[2, 1, 0, 0, 0]
	[2, 1, 0, 0, 0]
	[1, 1, 1, 1, 1]
	[1, 0, 2, 0, 0]
	[0, 1, 2, 0, 0]
	[0, 0, 0, 2, 0]
	[0, 0, 0, 0, 2]

(71)  20 ≥ 
	[6, 2, 0, 0, 0]
	[6, 2, 0, 0, 0]
	[4, 0, 4, 2, 2]
	[3, 2, 3, 3, 3]
	[2, 4, 2, 2, 2]
	[0, 2, 6, 0, 0]
	[0, 0, 0, 6, 0]
	[0, 0, 0, 0, 6]

(72)  14 ≥ 
	[4, 2, 0, 0, 0]
	[3, 0, 3, 1, 1]
	[3, 0, 3, 1, 1]
	[2, 2, 2, 2, 2]
	[2, 2, 2, 2, 2]
	[0, 2, 4, 0, 0]
	[0, 0, 0, 4, 0]
	[0, 0, 0, 0, 4]

(73)  13 ≥ 
	[4, 1, 0, 0, 0]
	[3, 0, 2, 1, 1]
	[2, 1, 2, 2, 2]
	[1, 3, 1, 1, 1]
	[0, 3, 2, 0, 0]
	[0, 1, 4, 0, 0]
	[0, 0, 0, 4, 0]
	[0, 0, 0, 0, 4]

(74)  12 ≥ 
	[4, 0, 0, 0, 0]
	[2, 2, 2, 1, 1]
	[1, 1, 1, 3, 0]
	[1, 1, 1, 3, 0]
	[0, 4, 0, 0, 0]
	[0, 0, 4, 0, 0]
	[0, 0, 0, 1, 3]
	[0, 0, 0, 1, 3]

(75)  3 ≥ 
	[1, 0, 0, 0, 0]
	[1, 0, 0, 0, 0]
	[0, 1, 0, 0, 0]
	[0, 1, 0, 0, 0]
	[0, 0, 1, 0, 0]
	[0, 0, 1, 0, 0]
	[0, 0, 0, 1, 0]
	[0, 0, 0, 1, 0]

(76)  6 ≥ 
	[2, 0, 0, 0, 0]
	[1, 1, 1, 1, 0]
	[1, 0, 0, 0, 1]
	[1, 0, 0, 0, 1]
	[0, 2, 0, 0, 0]
	[0, 1, 0, 0, 1]
	[0, 0, 2, 0, 0]
	[0, 0, 0, 2, 0]

(77)  24 ≥ 
	[6, 6, 0, 0, 0]
	[6, 0, 6, 0, 0]
	[4, 4, 4, 2, 2]
	[3, 3, 3, 3, 3]
	[0, 6, 6, 0, 0]
	[0, 0, 0, 6, 0]
	[0, 0, 0, 6, 0]
	[0, 0, 0, 0, 6]

(78)  12 ≥ 
	[4, 0, 0, 0, 0]
	[4, 0, 0, 0, 0]
	[2, 2, 2, 2, 0]
	[2, 0, 0, 0, 2]
	[1, 1, 1, 1, 2]
	[0, 4, 0, 0, 0]
	[0, 0, 4, 0, 0]
	[0, 0, 0, 4, 0]

(79)  6 ≥ 
	[2, 0, 0, 0, 0]
	[1, 1, 1, 1, 0]
	[1, 1, 1, 1, 0]
	[1, 1, 1, 1, 0]
	[1, 1, 1, 1, 0]
	[0, 2, 0, 0, 0]
	[0, 0, 2, 0, 0]
	[0, 0, 0, 2, 0]

(80)  14 ≥ 
	[4, 2, 0, 0, 0]
	[4, 2, 0, 0, 0]
	[4, 0, 2, 0, 0]
	[3, 3, 0, 1, 1]
	[2, 2, 2, 2, 2]
	[0, 3, 3, 0, 0]
	[0, 0, 0, 4, 0]
	[0, 0, 0, 0, 4]

(81)  14 ≥ 
	[4, 2, 0, 0, 0]
	[4, 2, 0, 0, 0]
	[3, 3, 1, 1, 0]
	[3, 0, 0, 0, 3]
	[2, 2, 2, 2, 2]
	[0, 4, 0, 0, 2]
	[0, 0, 4, 0, 0]
	[0, 0, 0, 4, 0]

(82)  9 ≥ 
	[3, 0, 0, 0, 0]
	[3, 0, 0, 0, 0]
	[1, 1, 1, 1, 1]
	[0, 3, 0, 0, 0]
	[0, 3, 0, 0, 0]
	[0, 0, 3, 0, 0]
	[0, 0, 0, 3, 0]
	[0, 0, 0, 0, 3]

(83)  10 ≥ 
	[3, 1, 0, 0, 0]
	[2, 0, 2, 1, 1]
	[1, 2, 1, 1, 1]
	[1, 1, 1, 2, 1]
	[0, 1, 3, 0, 0]
	[0, 0, 0, 3, 0]
	[0, 0, 0, 0, 3]
	[0, 0, 0, 0, 3]

(84)  14 ≥ 
	[4, 2, 0, 0, 0]
	[3, 0, 3, 1, 1]
	[3, 0, 3, 1, 1]
	[3, 0, 3, 1, 1]
	[2, 2, 2, 2, 2]
	[0, 2, 4, 0, 0]
	[0, 0, 0, 4, 0]
	[0, 0, 0, 0, 4]

(85)  14 ≥ 
	[4, 2, 0, 0, 0]
	[3, 3, 1, 1, 0]
	[3, 3, 1, 1, 0]
	[3, 0, 0, 0, 3]
	[2, 2, 2, 2, 2]
	[0, 4, 0, 0, 2]
	[0, 0, 4, 0, 0]
	[0, 0, 0, 4, 0]

(86)  14 ≥ 
	[4, 2, 0, 0, 0]
	[3, 3, 1, 1, 0]
	[3, 0, 0, 0, 3]
	[3, 0, 0, 0, 3]
	[2, 2, 2, 2, 2]
	[0, 4, 0, 0, 2]
	[0, 0, 4, 0, 0]
	[0, 0, 0, 4, 0]

(87)  12 ≥ 
	[4, 0, 0, 0, 0]
	[2, 2, 2, 2, 0]
	[2, 2, 2, 2, 0]
	[2, 0, 0, 0, 2]
	[1, 1, 1, 1, 2]
	[0, 4, 0, 0, 0]
	[0, 0, 4, 0, 0]
	[0, 0, 0, 4, 0]

(88)  7 ≥ 
	[2, 1, 0, 0, 0]
	[2, 1, 0, 0, 0]
	[2, 0, 1, 0, 0]
	[1, 1, 1, 1, 1]
	[0, 2, 1, 0, 0]
	[0, 0, 0, 2, 0]
	[0, 0, 0, 2, 0]
	[0, 0, 0, 0, 2]

(89)  3 ≥ 
	[1, 0, 0, 0, 0]
	[1, 0, 0, 0, 0]
	[1, 0, 0, 0, 0]
	[1, 0, 0, 0, 0]
	[0, 1, 0, 0, 0]
	[0, 1, 0, 0, 0]
	[0, 0, 1, 0, 0]
	[0, 0, 0, 1, 0]

(90)  12 ≥ 
	[4, 0, 0, 0, 0]
	[3, 1, 1, 1, 0]
	[2, 2, 2, 1, 1]
	[1, 1, 1, 3, 0]
	[1, 1, 1, 0, 3]
	[0, 4, 0, 0, 0]
	[0, 0, 4, 0, 0]
	[0, 0, 0, 1, 3]

(91)  7 ≥ 
	[2, 1, 0, 0, 0]
	[2, 0, 1, 0, 0]
	[1, 1, 1, 1, 1]
	[0, 2, 1, 0, 0]
	[0, 0, 0, 2, 0]
	[0, 0, 0, 2, 0]
	[0, 0, 0, 2, 0]
	[0, 0, 0, 0, 2]

(92)  10 ≥ 
	[3, 1, 0, 0, 0]
	[2, 0, 2, 1, 1]
	[2, 0, 2, 1, 1]
	[1, 2, 1, 1, 1]
	[0, 1, 3, 0, 0]
	[0, 0, 0, 3, 0]
	[0, 0, 0, 3, 0]
	[0, 0, 0, 0, 3]

(93)  13 ≥ 
	[4, 1, 0, 0, 0]
	[3, 0, 2, 1, 1]
	[2, 1, 2, 2, 2]
	[2, 0, 3, 1, 1]
	[1, 3, 1, 1, 1]
	[0, 1, 4, 0, 0]
	[0, 0, 0, 4, 0]
	[0, 0, 0, 0, 4]

(94)  6 ≥ 
	[2, 0, 0, 0, 0]
	[2, 0, 0, 0, 0]
	[1, 1, 1, 1, 0]
	[0, 2, 0, 0, 0]
	[0, 2, 0, 0, 0]
	[0, 0, 2, 0, 0]
	[0, 0, 2, 0, 0]
	[0, 0, 0, 2, 0]

(95)  4 ≥ 
	[1, 1, 0, 0, 0]
	[1, 1, 0, 0, 0]
	[1, 0, 1, 0, 0]
	[1, 0, 1, 0, 0]
	[0, 1, 1, 0, 0]
	[0, 1, 1, 0, 0]
	[0, 0, 0, 1, 0]
	[0, 0, 0, 0, 1]

(96)  10 ≥ 
	[3, 1, 0, 0, 0]
	[3, 0, 1, 0, 0]
	[2, 2, 0, 1, 1]
	[1, 1, 2, 1, 1]
	[1, 1, 2, 1, 1]
	[0, 3, 1, 0, 0]
	[0, 0, 0, 3, 0]
	[0, 0, 0, 0, 3]

(97)  12 ≥ 
	[4, 0, 0, 0, 0]
	[3, 1, 1, 1, 0]
	[2, 2, 2, 1, 1]
	[2, 2, 2, 1, 1]
	[1, 1, 1, 0, 3]
	[0, 4, 0, 0, 0]
	[0, 0, 4, 0, 0]
	[0, 0, 0, 3, 1]

(98)  10 ≥ 
	[3, 1, 0, 0, 0]
	[2, 0, 2, 1, 1]
	[1, 2, 1, 1, 1]
	[1, 2, 1, 1, 1]
	[0, 1, 3, 0, 0]
	[0, 0, 0, 3, 0]
	[0, 0, 0, 3, 0]
	[0, 0, 0, 0, 3]

(99)  13 ≥ 
	[4, 1, 0, 0, 0]
	[2, 2, 2, 2, 1]
	[2, 2, 2, 2, 1]
	[2, 0, 0, 0, 3]
	[1, 1, 1, 1, 3]
	[0, 4, 0, 0, 1]
	[0, 0, 4, 0, 0]
	[0, 0, 0, 4, 0]

(100)  7 ≥ 
	[2, 1, 0, 0, 0]
	[2, 1, 0, 0, 0]
	[1, 1, 1, 1, 1]
	[1, 0, 2, 0, 0]
	[0, 1, 2, 0, 0]
	[0, 0, 0, 2, 0]
	[0, 0, 0, 2, 0]
	[0, 0, 0, 0, 2]

(101)  10 ≥ 
	[3, 1, 0, 0, 0]
	[3, 1, 0, 0, 0]
	[2, 0, 2, 1, 1]
	[1, 2, 1, 1, 1]
	[1, 0, 3, 0, 0]
	[0, 1, 3, 0, 0]
	[0, 0, 0, 3, 0]
	[0, 0, 0, 0, 3]

(102)  14 ≥ 
	[4, 2, 0, 0, 0]
	[3, 3, 0, 0, 0]
	[3, 0, 3, 1, 1]
	[2, 3, 1, 1, 1]
	[2, 2, 2, 2, 2]
	[0, 2, 4, 0, 0]
	[0, 0, 0, 4, 0]
	[0, 0, 0, 0, 4]

(103)  13 ≥ 
	[4, 1, 0, 0, 0]
	[2, 2, 2, 2, 1]
	[2, 0, 0, 0, 3]
	[2, 0, 0, 0, 3]
	[1, 1, 1, 1, 3]
	[0, 4, 0, 0, 1]
	[0, 0, 4, 0, 0]
	[0, 0, 0, 4, 0]

(104)  14 ≥ 
	[4, 2, 0, 0, 0]
	[4, 2, 0, 0, 0]
	[3, 0, 3, 1, 1]
	[2, 2, 2, 2, 2]
	[2, 0, 4, 0, 0]
	[0, 3, 3, 0, 0]
	[0, 0, 0, 4, 0]
	[0, 0, 0, 0, 4]

(105)  12 ≥ 
	[4, 0, 0, 0, 0]
	[3, 1, 1, 1, 0]
	[2, 2, 2, 1, 1]
	[1, 3, 1, 1, 0]
	[1, 1, 1, 0, 3]
	[0, 4, 0, 0, 0]
	[0, 0, 4, 0, 0]
	[0, 0, 0, 3, 1]

(106)  12 ≥ 
	[4, 0, 0, 0, 0]
	[4, 0, 0, 0, 0]
	[2, 2, 2, 1, 1]
	[1, 1, 1, 3, 0]
	[1, 1, 1, 0, 3]
	[0, 4, 0, 0, 0]
	[0, 0, 4, 0, 0]
	[0, 0, 0, 3, 1]

(107)  13 ≥ 
	[4, 1, 0, 0, 0]
	[4, 0, 1, 0, 0]
	[3, 2, 0, 1, 1]
	[2, 2, 1, 2, 2]
	[1, 1, 3, 1, 1]
	[0, 4, 1, 0, 0]
	[0, 0, 0, 4, 0]
	[0, 0, 0, 0, 4]

(108)  6 ≥ 
	[2, 0, 0, 0, 0]
	[2, 0, 0, 0, 0]
	[1, 1, 1, 1, 0]
	[0, 2, 0, 0, 0]
	[0, 2, 0, 0, 0]
	[0, 0, 2, 0, 0]
	[0, 0, 0, 1, 1]
	[0, 0, 0, 1, 1]

(109)  14 ≥ 
	[4, 2, 0, 0, 0]
	[4, 0, 2, 0, 0]
	[3, 3, 0, 1, 1]
	[3, 3, 0, 1, 1]
	[2, 2, 2, 2, 2]
	[0, 3, 3, 0, 0]
	[0, 0, 0, 4, 0]
	[0, 0, 0, 0, 4]

(110)  8 ≥ 
	[2, 2, 0, 0, 0]
	[2, 0, 2, 0, 0]
	[1, 1, 1, 1, 1]
	[0, 2, 2, 0, 0]
	[0, 0, 0, 2, 0]
	[0, 0, 0, 2, 0]
	[0, 0, 0, 0, 2]
	[0, 0, 0, 0, 2]

(111)  10 ≥ 
	[3, 1, 0, 0, 0]
	[3, 1, 0, 0, 0]
	[2, 0, 2, 1, 1]
	[1, 2, 1, 1, 1]
	[1, 0, 3, 0, 0]
	[0, 2, 2, 0, 0]
	[0, 0, 0, 3, 0]
	[0, 0, 0, 0, 3]

(112)  12 ≥ 
	[4, 0, 0, 0, 0]
	[3, 1, 1, 1, 0]
	[2, 2, 2, 1, 1]
	[1, 3, 1, 0, 1]
	[1, 1, 1, 3, 0]
	[0, 4, 0, 0, 0]
	[0, 0, 4, 0, 0]
	[0, 0, 0, 1, 3]

(113)  12 ≥ 
	[3, 3, 0, 0, 0]
	[3, 0, 3, 0, 0]
	[2, 2, 2, 1, 1]
	[2, 2, 2, 1, 1]
	[2, 2, 2, 1, 1]
	[0, 3, 3, 0, 0]
	[0, 0, 0, 3, 0]
	[0, 0, 0, 0, 3]

(114)  20 ≥ 
	[6, 2, 0, 0, 0]
	[4, 4, 2, 2, 0]
	[4, 0, 0, 0, 4]
	[3, 3, 3, 3, 2]
	[2, 2, 2, 2, 4]
	[0, 6, 0, 0, 2]
	[0, 0, 6, 0, 0]
	[0, 0, 0, 6, 0]

(115)  10 ≥ 
	[3, 1, 0, 0, 0]
	[3, 1, 0, 0, 0]
	[2, 0, 2, 1, 1]
	[1, 2, 1, 1, 1]
	[0, 1, 3, 0, 0]
	[0, 1, 3, 0, 0]
	[0, 0, 0, 3, 0]
	[0, 0, 0, 0, 3]

(116)  10 ≥ 
	[3, 1, 0, 0, 0]
	[2, 2, 0, 0, 0]
	[2, 2, 0, 0, 0]
	[2, 0, 2, 1, 1]
	[1, 2, 1, 1, 1]
	[0, 1, 3, 0, 0]
	[0, 0, 0, 3, 0]
	[0, 0, 0, 0, 3]

(117)  10 ≥ 
	[3, 1, 0, 0, 0]
	[2, 0, 2, 1, 1]
	[1, 2, 1, 1, 1]
	[0, 1, 3, 0, 0]
	[0, 0, 0, 3, 0]
	[0, 0, 0, 3, 0]
	[0, 0, 0, 0, 3]
	[0, 0, 0, 0, 3]

(118)  14 ≥ 
	[4, 2, 0, 0, 0]
	[3, 0, 3, 1, 1]
	[2, 2, 2, 2, 2]
	[0, 3, 3, 0, 0]
	[0, 3, 3, 0, 0]
	[0, 3, 3, 0, 0]
	[0, 0, 0, 4, 0]
	[0, 0, 0, 0, 4]

(119)  12 ≥ 
	[4, 0, 0, 0, 0]
	[4, 0, 0, 0, 0]
	[2, 2, 2, 1, 1]
	[2, 2, 2, 1, 1]
	[1, 1, 1, 3, 0]
	[0, 4, 0, 0, 0]
	[0, 0, 4, 0, 0]
	[0, 0, 0, 1, 3]

(120)  14 ≥ 
	[4, 2, 0, 0, 0]
	[4, 2, 0, 0, 0]
	[3, 0, 3, 1, 1]
	[3, 0, 3, 1, 1]
	[2, 2, 2, 2, 2]
	[0, 2, 4, 0, 0]
	[0, 0, 0, 4, 0]
	[0, 0, 0, 0, 4]

(121)  7 ≥ 
	[2, 1, 0, 0, 0]
	[2, 1, 0, 0, 0]
	[2, 0, 1, 0, 0]
	[1, 1, 1, 1, 1]
	[1, 0, 2, 0, 0]
	[0, 2, 1, 0, 0]
	[0, 0, 0, 2, 0]
	[0, 0, 0, 0, 2]

(122)  14 ≥ 
	[4, 2, 0, 0, 0]
	[4, 2, 0, 0, 0]
	[3, 0, 3, 1, 1]
	[2, 2, 2, 2, 2]
	[0, 3, 3, 0, 0]
	[0, 2, 4, 0, 0]
	[0, 0, 0, 4, 0]
	[0, 0, 0, 0, 4]

(123)  12 ≥ 
	[4, 0, 0, 0, 0]
	[2, 2, 2, 1, 1]
	[1, 1, 1, 3, 0]
	[1, 1, 1, 0, 3]
	[0, 4, 0, 0, 0]
	[0, 0, 4, 0, 0]
	[0, 0, 0, 3, 1]
	[0, 0, 0, 1, 3]

(124)  14 ≥ 
	[4, 2, 0, 0, 0]
	[4, 2, 0, 0, 0]
	[3, 0, 3, 1, 1]
	[2, 2, 2, 2, 2]
	[0, 2, 4, 0, 0]
	[0, 0, 0, 4, 0]
	[0, 0, 0, 4, 0]
	[0, 0, 0, 0, 4]

(125)  10 ≥ 
	[3, 1, 0, 0, 0]
	[2, 0, 2, 1, 1]
	[2, 0, 2, 1, 1]
	[1, 2, 1, 1, 1]
	[1, 2, 1, 1, 1]
	[0, 1, 3, 0, 0]
	[0, 0, 0, 3, 0]
	[0, 0, 0, 0, 3]

(126)  14 ≥ 
	[4, 2, 0, 0, 0]
	[3, 0, 3, 1, 1]
	[2, 2, 2, 2, 2]
	[2, 2, 2, 2, 2]
	[1, 3, 2, 1, 1]
	[0, 3, 3, 0, 0]
	[0, 0, 0, 4, 0]
	[0, 0, 0, 0, 4]

(127)  13 ≥ 
	[4, 1, 0, 0, 0]
	[3, 0, 2, 1, 1]
	[2, 3, 0, 0, 0]
	[2, 1, 2, 2, 2]
	[1, 3, 1, 1, 1]
	[0, 1, 4, 0, 0]
	[0, 0, 0, 4, 0]
	[0, 0, 0, 0, 4]

(128)  13 ≥ 
	[4, 1, 0, 0, 0]
	[3, 2, 1, 1, 0]
	[2, 2, 2, 2, 1]
	[2, 0, 0, 0, 3]
	[1, 1, 1, 1, 3]
	[0, 4, 0, 0, 1]
	[0, 0, 4, 0, 0]
	[0, 0, 0, 4, 0]

(129)  12 ≥ 
	[4, 0, 0, 0, 0]
	[2, 2, 2, 1, 1]
	[1, 1, 1, 3, 0]
	[1, 1, 1, 0, 3]
	[0, 4, 0, 0, 0]
	[0, 0, 4, 0, 0]
	[0, 0, 0, 3, 1]
	[0, 0, 0, 3, 1]

(130)  10 ≥ 
	[3, 1, 0, 0, 0]
	[3, 1, 0, 0, 0]
	[2, 0, 2, 1, 1]
	[1, 2, 1, 1, 1]
	[0, 2, 2, 0, 0]
	[0, 1, 3, 0, 0]
	[0, 0, 0, 3, 0]
	[0, 0, 0, 0, 3]

(131)  8 ≥ 
	[2, 2, 0, 0, 0]
	[2, 0, 2, 0, 0]
	[1, 1, 1, 1, 1]
	[0, 2, 2, 0, 0]
	[0, 0, 0, 2, 0]
	[0, 0, 0, 2, 0]
	[0, 0, 0, 2, 0]
	[0, 0, 0, 0, 2]

(132)  4 ≥ 
	[1, 1, 0, 0, 0]
	[1, 1, 0, 0, 0]
	[1, 1, 0, 0, 0]
	[1, 1, 0, 0, 0]
	[1, 0, 1, 0, 0]
	[0, 1, 1, 0, 0]
	[0, 0, 0, 1, 0]
	[0, 0, 0, 0, 1]

(133)  10 ≥ 
	[3, 1, 0, 0, 0]
	[2, 2, 0, 0, 0]
	[2, 0, 2, 1, 1]
	[1, 2, 1, 1, 1]
	[1, 1, 1, 2, 1]
	[0, 1, 3, 0, 0]
	[0, 0, 0, 3, 0]
	[0, 0, 0, 0, 3]

(134)  10 ≥ 
	[3, 1, 0, 0, 0]
	[2, 2, 1, 1, 0]
	[2, 0, 0, 0, 2]
	[1, 1, 1, 1, 2]
	[0, 3, 0, 0, 1]
	[0, 0, 3, 0, 0]
	[0, 0, 3, 0, 0]
	[0, 0, 0, 3, 0]

(135)  7 ≥ 
	[2, 1, 0, 0, 0]
	[2, 1, 0, 0, 0]
	[2, 0, 1, 0, 0]
	[1, 2, 0, 0, 0]
	[1, 1, 1, 1, 1]
	[0, 1, 2, 0, 0]
	[0, 0, 0, 2, 0]
	[0, 0, 0, 0, 2]

(136)  13 ≥ 
	[4, 1, 0, 0, 0]
	[4, 1, 0, 0, 0]
	[2, 1, 2, 2, 2]
	[1, 3, 1, 1, 1]
	[1, 0, 4, 0, 0]
	[0, 3, 2, 0, 0]
	[0, 0, 0, 4, 0]
	[0, 0, 0, 0, 4]

(137)  10 ≥ 
	[3, 1, 0, 0, 0]
	[3, 1, 0, 0, 0]
	[2, 0, 2, 1, 1]
	[2, 0, 2, 1, 1]
	[1, 2, 1, 1, 1]
	[0, 1, 3, 0, 0]
	[0, 0, 0, 3, 0]
	[0, 0, 0, 0, 3]

(138)  14 ≥ 
	[4, 2, 0, 0, 0]
	[3, 3, 0, 0, 0]
	[3, 0, 3, 1, 1]
	[2, 2, 2, 2, 2]
	[0, 2, 4, 0, 0]
	[0, 0, 0, 4, 0]
	[0, 0, 0, 4, 0]
	[0, 0, 0, 0, 4]

(139)  10 ≥ 
	[3, 1, 0, 0, 0]
	[2, 2, 1, 1, 0]
	[2, 0, 0, 0, 2]
	[1, 1, 1, 1, 2]
	[1, 1, 1, 1, 2]
	[0, 3, 0, 0, 1]
	[0, 0, 3, 0, 0]
	[0, 0, 0, 3, 0]

(140)  14 ≥ 
	[4, 2, 0, 0, 0]
	[3, 0, 3, 1, 1]
	[2, 2, 2, 2, 2]
	[0, 2, 4, 0, 0]
	[0, 0, 0, 4, 0]
	[0, 0, 0, 4, 0]
	[0, 0, 0, 4, 0]
	[0, 0, 0, 0, 4]

(141)  4 ≥ 
	[1, 1, 0, 0, 0]
	[1, 1, 0, 0, 0]
	[1, 0, 1, 0, 0]
	[0, 1, 1, 0, 0]
	[0, 0, 0, 1, 0]
	[0, 0, 0, 1, 0]
	[0, 0, 0, 0, 1]
	[0, 0, 0, 0, 1]

(142)  14 ≥ 
	[4, 2, 0, 0, 0]
	[3, 3, 1, 1, 0]
	[3, 0, 1, 1, 3]
	[2, 2, 2, 2, 2]
	[0, 3, 0, 0, 3]
	[0, 0, 4, 0, 0]
	[0, 0, 4, 0, 0]
	[0, 0, 0, 4, 0]

(143)  13 ≥ 
	[4, 1, 0, 0, 0]
	[4, 0, 1, 0, 0]
	[2, 2, 1, 2, 2]
	[1, 4, 0, 0, 0]
	[1, 1, 3, 1, 1]
	[0, 4, 1, 0, 0]
	[0, 0, 0, 4, 0]
	[0, 0, 0, 0, 4]

(144)  6 ≥ 
	[2, 0, 0, 0, 0]
	[1, 1, 1, 1, 0]
	[1, 1, 1, 1, 0]
	[0, 2, 0, 0, 0]
	[0, 0, 2, 0, 0]
	[0, 0, 0, 1, 1]
	[0, 0, 0, 1, 1]
	[0, 0, 0, 1, 1]

(145)  13 ≥ 
	[4, 1, 0, 0, 0]
	[3, 0, 2, 1, 1]
	[2, 1, 2, 2, 2]
	[1, 3, 1, 1, 1]
	[1, 3, 1, 1, 1]
	[0, 1, 4, 0, 0]
	[0, 0, 0, 4, 0]
	[0, 0, 0, 0, 4]

(146)  6 ≥ 
	[2, 0, 0, 0, 0]
	[1, 1, 1, 1, 0]
	[1, 1, 1, 1, 0]
	[1, 1, 1, 1, 0]
	[1, 0, 0, 0, 1]
	[0, 2, 0, 0, 0]
	[0, 0, 2, 0, 0]
	[0, 0, 0, 2, 0]

(147)  12 ≥ 
	[4, 0, 0, 0, 0]
	[3, 1, 1, 1, 0]
	[2, 2, 2, 1, 1]
	[1, 1, 1, 3, 0]
	[1, 1, 1, 0, 3]
	[0, 4, 0, 0, 0]
	[0, 0, 4, 0, 0]
	[0, 0, 0, 3, 1]

(148)  12 ≥ 
	[4, 0, 0, 0, 0]
	[2, 2, 2, 1, 1]
	[1, 1, 1, 3, 0]
	[1, 1, 1, 3, 0]
	[1, 1, 1, 3, 0]
	[0, 4, 0, 0, 0]
	[0, 0, 4, 0, 0]
	[0, 0, 0, 1, 3]

(149)  7 ≥ 
	[2, 1, 0, 0, 0]
	[1, 1, 1, 1, 1]
	[1, 0, 2, 0, 0]
	[0, 2, 1, 0, 0]
	[0, 0, 0, 2, 0]
	[0, 0, 0, 2, 0]
	[0, 0, 0, 0, 2]
	[0, 0, 0, 0, 2]

(150)  14 ≥ 
	[4, 2, 0, 0, 0]
	[3, 0, 3, 1, 1]
	[2, 2, 2, 2, 2]
	[1, 3, 2, 1, 1]
	[0, 3, 3, 0, 0]
	[0, 3, 3, 0, 0]
	[0, 0, 0, 4, 0]
	[0, 0, 0, 0, 4]

(151)  8 ≥ 
	[2, 2, 0, 0, 0]
	[2, 2, 0, 0, 0]
	[2, 0, 2, 0, 0]
	[1, 1, 1, 1, 1]
	[0, 2, 2, 0, 0]
	[0, 0, 0, 2, 0]
	[0, 0, 0, 2, 0]
	[0, 0, 0, 0, 2]

(152)  6 ≥ 
	[2, 0, 0, 0, 0]
	[2, 0, 0, 0, 0]
	[2, 0, 0, 0, 0]
	[1, 1, 1, 1, 0]
	[1, 1, 1, 0, 1]
	[0, 2, 0, 0, 0]
	[0, 0, 2, 0, 0]
	[0, 0, 0, 1, 1]

(153)  14 ≥ 
	[4, 2, 0, 0, 0]
	[3, 3, 1, 1, 0]
	[3, 0, 1, 1, 3]
	[2, 2, 2, 2, 2]
	[2, 2, 2, 2, 2]
	[0, 3, 0, 0, 3]
	[0, 0, 4, 0, 0]
	[0, 0, 0, 4, 0]

(154)  6 ≥ 
	[2, 0, 0, 0, 0]
	[2, 0, 0, 0, 0]
	[1, 1, 1, 1, 0]
	[1, 1, 1, 1, 0]
	[1, 1, 1, 1, 0]
	[0, 2, 0, 0, 0]
	[0, 0, 2, 0, 0]
	[0, 0, 0, 1, 1]

(155)  6 ≥ 
	[2, 0, 0, 0, 0]
	[2, 0, 0, 0, 0]
	[1, 1, 1, 1, 0]
	[1, 1, 1, 1, 0]
	[0, 2, 0, 0, 0]
	[0, 0, 2, 0, 0]
	[0, 0, 0, 1, 1]
	[0, 0, 0, 1, 1]

(156)  6 ≥ 
	[2, 0, 0, 0, 0]
	[2, 0, 0, 0, 0]
	[1, 1, 1, 1, 0]
	[1, 1, 1, 1, 0]
	[0, 2, 0, 0, 0]
	[0, 2, 0, 0, 0]
	[0, 0, 2, 0, 0]
	[0, 0, 0, 2, 0]

(157)  14 ≥ 
	[4, 2, 0, 0, 0]
	[3, 0, 3, 1, 1]
	[2, 3, 1, 1, 1]
	[2, 2, 2, 2, 2]
	[2, 2, 2, 2, 2]
	[0, 2, 4, 0, 0]
	[0, 0, 0, 4, 0]
	[0, 0, 0, 0, 4]

(158)  12 ≥ 
	[4, 0, 0, 0, 0]
	[4, 0, 0, 0, 0]
	[2, 2, 2, 1, 1]
	[1, 1, 1, 3, 0]
	[0, 4, 0, 0, 0]
	[0, 0, 4, 0, 0]
	[0, 0, 0, 3, 1]
	[0, 0, 0, 1, 3]

(159)  6 ≥ 
	[2, 0, 0, 0, 0]
	[1, 1, 1, 1, 0]
	[1, 1, 1, 1, 0]
	[1, 1, 1, 1, 0]
	[1, 1, 1, 1, 0]
	[0, 2, 0, 0, 0]
	[0, 0, 2, 0, 0]
	[0, 0, 0, 1, 1]

(160)  13 ≥ 
	[4, 1, 0, 0, 0]
	[3, 0, 2, 1, 1]
	[2, 1, 2, 2, 2]
	[1, 3, 1, 1, 1]
	[1, 1, 1, 3, 1]
	[0, 1, 4, 0, 0]
	[0, 0, 0, 4, 0]
	[0, 0, 0, 0, 4]

(161)  13 ≥ 
	[4, 1, 0, 0, 0]
	[4, 0, 1, 0, 0]
	[2, 2, 1, 2, 2]
	[1, 4, 0, 0, 0]
	[1, 1, 3, 1, 1]
	[0, 2, 3, 0, 0]
	[0, 0, 0, 4, 0]
	[0, 0, 0, 0, 4]

(162)  7 ≥ 
	[2, 1, 0, 0, 0]
	[2, 1, 0, 0, 0]
	[2, 0, 1, 0, 0]
	[1, 1, 1, 1, 1]
	[0, 1, 2, 0, 0]
	[0, 1, 2, 0, 0]
	[0, 0, 0, 2, 0]
	[0, 0, 0, 0, 2]

(163)  14 ≥ 
	[4, 2, 0, 0, 0]
	[3, 3, 1, 1, 0]
	[3, 0, 0, 0, 3]
	[2, 2, 2, 2, 2]
	[1, 2, 1, 1, 3]
	[0, 4, 0, 0, 2]
	[0, 0, 4, 0, 0]
	[0, 0, 0, 4, 0]

(164)  10 ≥ 
	[3, 1, 0, 0, 0]
	[3, 1, 0, 0, 0]
	[2, 0, 2, 1, 1]
	[1, 2, 1, 1, 1]
	[1, 1, 1, 2, 1]
	[0, 1, 3, 0, 0]
	[0, 0, 0, 3, 0]
	[0, 0, 0, 0, 3]

(165)  7 ≥ 
	[2, 1, 0, 0, 0]
	[2, 1, 0, 0, 0]
	[1, 1, 1, 1, 1]
	[1, 0, 2, 0, 0]
	[1, 0, 2, 0, 0]
	[0, 2, 1, 0, 0]
	[0, 0, 0, 2, 0]
	[0, 0, 0, 0, 2]

(166)  7 ≥ 
	[2, 1, 0, 0, 0]
	[2, 1, 0, 0, 0]
	[1, 1, 1, 1, 1]
	[1, 1, 1, 1, 1]
	[1, 0, 2, 0, 0]
	[0, 2, 1, 0, 0]
	[0, 0, 0, 2, 0]
	[0, 0, 0, 0, 2]

(167)  13 ≥ 
	[4, 1, 0, 0, 0]
	[3, 0, 2, 1, 1]
	[2, 1, 2, 2, 2]
	[2, 1, 2, 2, 2]
	[1, 3, 1, 1, 1]
	[0, 1, 4, 0, 0]
	[0, 0, 0, 4, 0]
	[0, 0, 0, 0, 4]

(168)  14 ≥ 
	[4, 2, 0, 0, 0]
	[3, 3, 0, 0, 0]
	[3, 0, 3, 1, 1]
	[2, 2, 2, 2, 2]
	[2, 0, 4, 0, 0]
	[0, 3, 3, 0, 0]
	[0, 0, 0, 4, 0]
	[0, 0, 0, 0, 4]

(169)  14 ≥ 
	[4, 2, 0, 0, 0]
	[3, 0, 3, 1, 1]
	[3, 0, 3, 1, 1]
	[2, 2, 2, 2, 2]
	[1, 3, 2, 1, 1]
	[0, 3, 3, 0, 0]
	[0, 0, 0, 4, 0]
	[0, 0, 0, 0, 4]

(170)  14 ≥ 
	[4, 2, 0, 0, 0]
	[3, 0, 3, 1, 1]
	[2, 2, 2, 2, 2]
	[2, 2, 2, 2, 2]
	[2, 2, 2, 2, 2]
	[0, 3, 3, 0, 0]
	[0, 0, 0, 4, 0]
	[0, 0, 0, 0, 4]

(171)  14 ≥ 
	[4, 2, 0, 0, 0]
	[3, 3, 0, 0, 0]
	[3, 0, 3, 1, 1]
	[2, 2, 2, 2, 2]
	[0, 3, 3, 0, 0]
	[0, 2, 4, 0, 0]
	[0, 0, 0, 4, 0]
	[0, 0, 0, 0, 4]

(172)  14 ≥ 
	[4, 2, 0, 0, 0]
	[3, 0, 3, 1, 1]
	[3, 0, 3, 1, 1]
	[2, 2, 2, 2, 2]
	[0, 3, 3, 0, 0]
	[0, 0, 0, 4, 0]
	[0, 0, 0, 4, 0]
	[0, 0, 0, 0, 4]

(173)  12 ≥ 
	[4, 0, 0, 0, 0]
	[4, 0, 0, 0, 0]
	[2, 2, 2, 1, 1]
	[1, 3, 1, 1, 0]
	[1, 1, 1, 0, 3]
	[0, 4, 0, 0, 0]
	[0, 0, 4, 0, 0]
	[0, 0, 0, 3, 1]

(174)  6 ≥ 
	[2, 0, 0, 0, 0]
	[2, 0, 0, 0, 0]
	[1, 1, 1, 1, 0]
	[0, 2, 0, 0, 0]
	[0, 2, 0, 0, 0]
	[0, 0, 2, 0, 0]
	[0, 0, 1, 0, 1]
	[0, 0, 0, 2, 0]

(175)  12 ≥ 
	[4, 0, 0, 0, 0]
	[3, 1, 1, 1, 0]
	[2, 2, 2, 1, 1]
	[1, 1, 1, 0, 3]
	[0, 4, 0, 0, 0]
	[0, 0, 4, 0, 0]
	[0, 0, 0, 3, 1]
	[0, 0, 0, 3, 1]

(176)  12 ≥ 
	[4, 0, 0, 0, 0]
	[4, 0, 0, 0, 0]
	[2, 2, 2, 2, 0]
	[1, 1, 1, 1, 2]
	[0, 4, 0, 0, 0]
	[0, 2, 0, 0, 2]
	[0, 0, 4, 0, 0]
	[0, 0, 0, 4, 0]

(177)  10 ≥ 
	[3, 1, 0, 0, 0]
	[3, 0, 1, 0, 0]
	[2, 2, 0, 1, 1]
	[1, 1, 2, 1, 1]
	[0, 3, 1, 0, 0]
	[0, 2, 2, 0, 0]
	[0, 0, 0, 3, 0]
	[0, 0, 0, 0, 3]

(178)  7 ≥ 
	[2, 1, 0, 0, 0]
	[2, 0, 1, 0, 0]
	[1, 2, 0, 0, 0]
	[1, 1, 1, 1, 1]
	[0, 2, 1, 0, 0]
	[0, 0, 0, 2, 0]
	[0, 0, 0, 2, 0]
	[0, 0, 0, 0, 2]

(179)  10 ≥ 
	[3, 1, 0, 0, 0]
	[3, 1, 0, 0, 0]
	[2, 0, 2, 1, 1]
	[1, 2, 1, 1, 1]
	[1, 2, 1, 1, 1]
	[0, 1, 3, 0, 0]
	[0, 0, 0, 3, 0]
	[0, 0, 0, 0, 3]

(180)  14 ≥ 
	[4, 2, 0, 0, 0]
	[3, 0, 3, 1, 1]
	[2, 2, 2, 2, 2]
	[0, 3, 3, 0, 0]
	[0, 3, 3, 0, 0]
	[0, 0, 0, 4, 0]
	[0, 0, 0, 4, 0]
	[0, 0, 0, 0, 4]

(181)  12 ≥ 
	[4, 0, 0, 0, 0]
	[3, 1, 1, 1, 0]
	[2, 2, 2, 1, 1]
	[1, 1, 1, 3, 0]
	[1, 1, 1, 3, 0]
	[0, 4, 0, 0, 0]
	[0, 0, 4, 0, 0]
	[0, 0, 0, 1, 3]

(182)  13 ≥ 
	[4, 1, 0, 0, 0]
	[3, 0, 2, 1, 1]
	[2, 1, 2, 2, 2]
	[1, 3, 1, 1, 1]
	[1, 0, 4, 0, 0]
	[0, 3, 2, 0, 0]
	[0, 0, 0, 4, 0]
	[0, 0, 0, 0, 4]

(183)  12 ≥ 
	[3, 3, 0, 0, 0]
	[3, 0, 3, 0, 0]
	[2, 2, 2, 1, 1]
	[0, 3, 3, 0, 0]
	[0, 0, 0, 3, 0]
	[0, 0, 0, 3, 0]
	[0, 0, 0, 0, 3]
	[0, 0, 0, 0, 3]

(184)  12 ≥ 
	[4, 0, 0, 0, 0]
	[4, 0, 0, 0, 0]
	[2, 2, 2, 1, 1]
	[1, 3, 1, 1, 0]
	[1, 1, 1, 3, 0]
	[0, 4, 0, 0, 0]
	[0, 0, 4, 0, 0]
	[0, 0, 0, 1, 3]

(185)  7 ≥ 
	[2, 1, 0, 0, 0]
	[2, 0, 1, 0, 0]
	[1, 1, 1, 1, 1]
	[1, 1, 1, 1, 1]
	[1, 1, 1, 1, 1]
	[0, 2, 1, 0, 0]
	[0, 0, 0, 2, 0]
	[0, 0, 0, 0, 2]

(186)  10 ≥ 
	[3, 1, 0, 0, 0]
	[2, 0, 2, 1, 1]
	[2, 0, 2, 1, 1]
	[1, 2, 1, 1, 1]
	[1, 1, 1, 2, 1]
	[0, 1, 3, 0, 0]
	[0, 0, 0, 3, 0]
	[0, 0, 0, 0, 3]

(187)  7 ≥ 
	[2, 1, 0, 0, 0]
	[2, 0, 1, 0, 0]
	[1, 1, 1, 1, 1]
	[0, 2, 1, 0, 0]
	[0, 1, 2, 0, 0]
	[0, 0, 0, 2, 0]
	[0, 0, 0, 2, 0]
	[0, 0, 0, 0, 2]

(188)  14 ≥ 
	[4, 2, 0, 0, 0]
	[4, 2, 0, 0, 0]
	[3, 0, 3, 1, 1]
	[2, 2, 2, 2, 2]
	[2, 2, 2, 2, 2]
	[0, 3, 3, 0, 0]
	[0, 0, 0, 4, 0]
	[0, 0, 0, 0, 4]

(189)  13 ≥ 
	[4, 1, 0, 0, 0]
	[4, 1, 0, 0, 0]
	[4, 0, 1, 0, 0]
	[2, 2, 1, 2, 2]
	[1, 1, 3, 1, 1]
	[0, 4, 1, 0, 0]
	[0, 0, 0, 4, 0]
	[0, 0, 0, 0, 4]

(190)  7 ≥ 
	[2, 1, 0, 0, 0]
	[2, 1, 0, 0, 0]
	[2, 0, 1, 0, 0]
	[1, 1, 1, 1, 1]
	[1, 1, 1, 1, 1]
	[0, 2, 1, 0, 0]
	[0, 0, 0, 2, 0]
	[0, 0, 0, 0, 2]

(191)  4 ≥ 
	[1, 1, 0, 0, 0]
	[1, 1, 0, 0, 0]
	[1, 0, 1, 0, 0]
	[0, 1, 1, 0, 0]
	[0, 0, 0, 1, 0]
	[0, 0, 0, 1, 0]
	[0, 0, 0, 1, 0]
	[0, 0, 0, 0, 1]

(192)  14 ≥ 
	[4, 2, 0, 0, 0]
	[4, 2, 0, 0, 0]
	[4, 2, 0, 0, 0]
	[3, 0, 3, 1, 1]
	[2, 2, 2, 2, 2]
	[0, 2, 4, 0, 0]
	[0, 0, 0, 4, 0]
	[0, 0, 0, 0, 4]

(193)  6 ≥ 
	[2, 0, 0, 0, 0]
	[2, 0, 0, 0, 0]
	[1, 1, 1, 1, 0]
	[1, 1, 1, 1, 0]
	[0, 2, 0, 0, 0]
	[0, 1, 0, 0, 1]
	[0, 0, 2, 0, 0]
	[0, 0, 0, 2, 0]

(194)  14 ≥ 
	[4, 2, 0, 0, 0]
	[3, 0, 3, 1, 1]
	[2, 2, 2, 2, 2]
	[2, 2, 2, 2, 2]
	[0, 3, 3, 0, 0]
	[0, 0, 0, 4, 0]
	[0, 0, 0, 4, 0]
	[0, 0, 0, 0, 4]

(195)  12 ≥ 
	[3, 3, 0, 0, 0]
	[3, 3, 0, 0, 0]
	[3, 0, 3, 0, 0]
	[3, 0, 3, 0, 0]
	[2, 2, 2, 1, 1]
	[0, 3, 3, 0, 0]
	[0, 0, 0, 3, 0]
	[0, 0, 0, 0, 3]

(196)  10 ≥ 
	[3, 1, 0, 0, 0]
	[3, 1, 0, 0, 0]
	[3, 0, 1, 0, 0]
	[2, 0, 2, 1, 1]
	[1, 2, 1, 1, 1]
	[0, 1, 3, 0, 0]
	[0, 0, 0, 3, 0]
	[0, 0, 0, 0, 3]

(197)  6 ≥ 
	[2, 0, 0, 0, 0]
	[2, 0, 0, 0, 0]
	[2, 0, 0, 0, 0]
	[1, 1, 1, 1, 0]
	[0, 2, 0, 0, 0]
	[0, 2, 0, 0, 0]
	[0, 0, 2, 0, 0]
	[0, 0, 0, 1, 1]

(198)  14 ≥ 
	[4, 2, 0, 0, 0]
	[4, 0, 2, 0, 0]
	[3, 3, 0, 1, 1]
	[2, 2, 2, 2, 2]
	[2, 2, 2, 2, 2]
	[0, 3, 3, 0, 0]
	[0, 0, 0, 4, 0]
	[0, 0, 0, 0, 4]

(199)  10 ≥ 
	[3, 1, 0, 0, 0]
	[3, 0, 1, 0, 0]
	[2, 2, 0, 1, 1]
	[1, 3, 0, 0, 0]
	[1, 1, 2, 1, 1]
	[0, 3, 1, 0, 0]
	[0, 0, 0, 3, 0]
	[0, 0, 0, 0, 3]

(200)  14 ≥ 
	[4, 2, 0, 0, 0]
	[3, 0, 3, 1, 1]
	[2, 2, 2, 2, 2]
	[2, 2, 2, 2, 2]
	[0, 2, 4, 0, 0]
	[0, 0, 0, 4, 0]
	[0, 0, 0, 4, 0]
	[0, 0, 0, 0, 4]

(201)  7 ≥ 
	[2, 1, 0, 0, 0]
	[2, 1, 0, 0, 0]
	[2, 0, 1, 0, 0]
	[1, 1, 1, 1, 1]
	[1, 0, 2, 0, 0]
	[0, 1, 2, 0, 0]
	[0, 0, 0, 2, 0]
	[0, 0, 0, 0, 2]

(202)  10 ≥ 
	[3, 1, 0, 0, 0]
	[3, 0, 1, 0, 0]
	[2, 2, 0, 1, 1]
	[1, 1, 2, 1, 1]
	[1, 1, 1, 2, 1]
	[0, 3, 1, 0, 0]
	[0, 0, 0, 3, 0]
	[0, 0, 0, 0, 3]

(203)  14 ≥ 
	[4, 2, 0, 0, 0]
	[4, 0, 2, 0, 0]
	[3, 3, 0, 1, 1]
	[3, 0, 3, 0, 0]
	[2, 2, 2, 2, 2]
	[0, 4, 2, 0, 0]
	[0, 0, 0, 4, 0]
	[0, 0, 0, 0, 4]

(204)  12 ≥ 
	[4, 0, 0, 0, 0]
	[2, 2, 2, 2, 0]
	[1, 1, 1, 1, 2]
	[1, 1, 1, 1, 2]
	[1, 1, 1, 1, 2]
	[0, 4, 0, 0, 0]
	[0, 0, 4, 0, 0]
	[0, 0, 0, 4, 0]

(205)  6 ≥ 
	[2, 0, 0, 0, 0]
	[2, 0, 0, 0, 0]
	[1, 1, 1, 1, 0]
	[1, 1, 1, 0, 1]
	[0, 2, 0, 0, 0]
	[0, 2, 0, 0, 0]
	[0, 0, 2, 0, 0]
	[0, 0, 0, 1, 1]

(206)  10 ≥ 
	[3, 1, 0, 0, 0]
	[3, 0, 1, 0, 0]
	[2, 2, 0, 1, 1]
	[2, 2, 0, 1, 1]
	[1, 1, 2, 1, 1]
	[0, 3, 1, 0, 0]
	[0, 0, 0, 3, 0]
	[0, 0, 0, 0, 3]

(207)  20 ≥ 
	[6, 2, 0, 0, 0]
	[4, 0, 4, 2, 2]
	[3, 2, 3, 3, 3]
	[2, 4, 2, 2, 2]
	[2, 4, 2, 2, 2]
	[0, 2, 6, 0, 0]
	[0, 0, 0, 6, 0]
	[0, 0, 0, 0, 6]

(208)  14 ≥ 
	[4, 2, 0, 0, 0]
	[4, 0, 2, 0, 0]
	[3, 3, 0, 1, 1]
	[2, 2, 2, 2, 2]
	[0, 3, 3, 0, 0]
	[0, 0, 0, 4, 0]
	[0, 0, 0, 4, 0]
	[0, 0, 0, 0, 4]

(209)  8 ≥ 
	[2, 2, 0, 0, 0]
	[2, 0, 2, 0, 0]
	[1, 1, 1, 1, 1]
	[1, 1, 1, 1, 1]
	[0, 2, 2, 0, 0]
	[0, 0, 0, 2, 0]
	[0, 0, 0, 2, 0]
	[0, 0, 0, 0, 2]

(210)  12 ≥ 
	[3, 3, 0, 0, 0]
	[3, 0, 3, 0, 0]
	[2, 2, 2, 1, 1]
	[0, 3, 3, 0, 0]
	[0, 0, 0, 3, 0]
	[0, 0, 0, 3, 0]
	[0, 0, 0, 3, 0]
	[0, 0, 0, 0, 3]

(211)  13 ≥ 
	[4, 1, 0, 0, 0]
	[3, 0, 2, 1, 1]
	[2, 1, 2, 2, 2]
	[1, 3, 1, 1, 1]
	[0, 1, 4, 0, 0]
	[0, 0, 0, 4, 0]
	[0, 0, 0, 4, 0]
	[0, 0, 0, 0, 4]

(212)  13 ≥ 
	[4, 1, 0, 0, 0]
	[2, 2, 2, 2, 1]
	[2, 0, 0, 0, 3]
	[1, 1, 1, 1, 3]
	[0, 4, 0, 0, 1]
	[0, 0, 4, 0, 0]
	[0, 0, 4, 0, 0]
	[0, 0, 0, 4, 0]

(213)  10 ≥ 
	[3, 1, 0, 0, 0]
	[2, 0, 2, 1, 1]
	[1, 2, 1, 1, 1]
	[0, 1, 3, 0, 0]
	[0, 0, 0, 3, 0]
	[0, 0, 0, 3, 0]
	[0, 0, 0, 3, 0]
	[0, 0, 0, 0, 3]

(214)  10 ≥ 
	[3, 1, 0, 0, 0]
	[2, 2, 0, 0, 0]
	[2, 0, 2, 1, 1]
	[1, 2, 1, 1, 1]
	[1, 2, 1, 1, 1]
	[0, 1, 3, 0, 0]
	[0, 0, 0, 3, 0]
	[0, 0, 0, 0, 3]

(215)  12 ≥ 
	[4, 0, 0, 0, 0]
	[2, 2, 2, 1, 1]
	[2, 2, 2, 1, 1]
	[2, 2, 2, 1, 1]
	[1, 1, 1, 3, 0]
	[0, 4, 0, 0, 0]
	[0, 0, 4, 0, 0]
	[0, 0, 0, 1, 3]

(216)  14 ≥ 
	[4, 2, 0, 0, 0]
	[4, 0, 2, 0, 0]
	[3, 3, 0, 1, 1]
	[3, 3, 0, 1, 1]
	[2, 2, 2, 2, 2]
	[0, 4, 2, 0, 0]
	[0, 0, 0, 4, 0]
	[0, 0, 0, 0, 4]

(217)  4 ≥ 
	[1, 1, 0, 0, 0]
	[1, 1, 0, 0, 0]
	[1, 0, 1, 0, 0]
	[1, 0, 1, 0, 0]
	[0, 1, 1, 0, 0]
	[0, 0, 0, 1, 0]
	[0, 0, 0, 1, 0]
	[0, 0, 0, 0, 1]

(218)  14 ≥ 
	[4, 2, 0, 0, 0]
	[3, 0, 3, 1, 1]
	[2, 3, 1, 1, 1]
	[2, 3, 1, 1, 1]
	[2, 2, 2, 2, 2]
	[0, 2, 4, 0, 0]
	[0, 0, 0, 4, 0]
	[0, 0, 0, 0, 4]

(219)  6 ≥ 
	[2, 0, 0, 0, 0]
	[1, 1, 1, 1, 0]
	[1, 1, 1, 1, 0]
	[1, 0, 0, 0, 1]
	[1, 0, 0, 0, 1]
	[0, 2, 0, 0, 0]
	[0, 0, 2, 0, 0]
	[0, 0, 0, 2, 0]

(220)  14 ≥ 
	[4, 2, 0, 0, 0]
	[4, 2, 0, 0, 0]
	[4, 0, 2, 0, 0]
	[3, 3, 0, 1, 1]
	[2, 2, 2, 2, 2]
	[0, 4, 2, 0, 0]
	[0, 0, 0, 4, 0]
	[0, 0, 0, 0, 4]

(221)  24 ≥ 
	[6, 6, 0, 0, 0]
	[6, 6, 0, 0, 0]
	[6, 0, 6, 0, 0]
	[4, 4, 4, 2, 2]
	[3, 3, 3, 3, 3]
	[0, 6, 6, 0, 0]
	[0, 0, 0, 6, 0]
	[0, 0, 0, 0, 6]

(222)  12 ≥ 
	[4, 0, 0, 0, 0]
	[4, 0, 0, 0, 0]
	[3, 1, 1, 1, 0]
	[2, 2, 2, 1, 1]
	[1, 1, 1, 3, 0]
	[0, 4, 0, 0, 0]
	[0, 0, 4, 0, 0]
	[0, 0, 0, 1, 3]

(223)  7 ≥ 
	[2, 1, 0, 0, 0]
	[1, 1, 1, 1, 1]
	[1, 1, 1, 1, 1]
	[1, 1, 1, 1, 1]
	[1, 0, 2, 0, 0]
	[0, 2, 1, 0, 0]
	[0, 0, 0, 2, 0]
	[0, 0, 0, 0, 2]

(224)  6 ≥ 
	[2, 0, 0, 0, 0]
	[2, 0, 0, 0, 0]
	[1, 1, 1, 1, 0]
	[1, 0, 0, 0, 1]
	[0, 2, 0, 0, 0]
	[0, 1, 0, 0, 1]
	[0, 0, 2, 0, 0]
	[0, 0, 0, 2, 0]

(225)  12 ≥ 
	[4, 0, 0, 0, 0]
	[2, 2, 2, 2, 0]
	[2, 2, 2, 2, 0]
	[2, 2, 2, 2, 0]
	[1, 1, 1, 1, 2]
	[0, 4, 0, 0, 0]
	[0, 0, 4, 0, 0]
	[0, 0, 0, 4, 0]

(226)  6 ≥ 
	[2, 0, 0, 0, 0]
	[2, 0, 0, 0, 0]
	[1, 1, 1, 1, 0]
	[1, 1, 1, 1, 0]
	[1, 1, 1, 1, 0]
	[0, 2, 0, 0, 0]
	[0, 0, 2, 0, 0]
	[0, 0, 0, 2, 0]

(227)  7 ≥ 
	[2, 1, 0, 0, 0]
	[2, 1, 0, 0, 0]
	[1, 2, 0, 0, 0]
	[1, 1, 1, 1, 1]
	[1, 0, 2, 0, 0]
	[0, 2, 1, 0, 0]
	[0, 0, 0, 2, 0]
	[0, 0, 0, 0, 2]

(228)  20 ≥ 
	[6, 2, 0, 0, 0]
	[4, 0, 4, 2, 2]
	[3, 2, 3, 3, 3]
	[2, 4, 2, 2, 2]
	[2, 2, 2, 4, 2]
	[0, 2, 6, 0, 0]
	[0, 0, 0, 6, 0]
	[0, 0, 0, 0, 6]

(229)  12 ≥ 
	[3, 3, 0, 0, 0]
	[3, 3, 0, 0, 0]
	[3, 0, 3, 0, 0]
	[2, 2, 2, 1, 1]
	[0, 3, 3, 0, 0]
	[0, 0, 0, 3, 0]
	[0, 0, 0, 3, 0]
	[0, 0, 0, 0, 3]

(230)  13 ≥ 
	[4, 1, 0, 0, 0]
	[3, 0, 2, 1, 1]
	[3, 0, 2, 1, 1]
	[2, 1, 2, 2, 2]
	[1, 3, 1, 1, 1]
	[0, 1, 4, 0, 0]
	[0, 0, 0, 4, 0]
	[0, 0, 0, 0, 4]

(231)  6 ≥ 
	[2, 0, 0, 0, 0]
	[2, 0, 0, 0, 0]
	[1, 1, 1, 1, 0]
	[0, 2, 0, 0, 0]
	[0, 1, 0, 0, 1]
	[0, 0, 2, 0, 0]
	[0, 0, 1, 0, 1]
	[0, 0, 0, 2, 0]

(232)  20 ≥ 
	[6, 2, 0, 0, 0]
	[4, 4, 0, 0, 0]
	[4, 0, 4, 2, 2]
	[3, 2, 3, 3, 3]
	[2, 4, 2, 2, 2]
	[0, 2, 6, 0, 0]
	[0, 0, 0, 6, 0]
	[0, 0, 0, 0, 6]

(233)  12 ≥ 
	[4, 0, 0, 0, 0]
	[2, 2, 2, 1, 1]
	[1, 1, 1, 3, 0]
	[0, 4, 0, 0, 0]
	[0, 0, 4, 0, 0]
	[0, 0, 0, 3, 1]
	[0, 0, 0, 1, 3]
	[0, 0, 0, 1, 3]

(234)  6 ≥ 
	[2, 0, 0, 0, 0]
	[2, 0, 0, 0, 0]
	[1, 1, 1, 1, 0]
	[1, 1, 1, 1, 0]
	[1, 1, 1, 0, 1]
	[0, 2, 0, 0, 0]
	[0, 0, 2, 0, 0]
	[0, 0, 0, 1, 1]

(235)  4 ≥ 
	[1, 1, 0, 0, 0]
	[1, 1, 0, 0, 0]
	[1, 1, 0, 0, 0]
	[1, 0, 1, 0, 0]
	[1, 0, 1, 0, 0]
	[0, 1, 1, 0, 0]
	[0, 0, 0, 1, 0]
	[0, 0, 0, 0, 1]

(236)  13 ≥ 
	[4, 1, 0, 0, 0]
	[4, 1, 0, 0, 0]
	[2, 1, 2, 2, 2]
	[1, 3, 1, 1, 1]
	[1, 0, 4, 0, 0]
	[0, 1, 4, 0, 0]
	[0, 0, 0, 4, 0]
	[0, 0, 0, 0, 4]

(237)  14 ≥ 
	[4, 2, 0, 0, 0]
	[3, 3, 1, 1, 0]
	[3, 0, 1, 1, 3]
	[2, 2, 2, 2, 2]
	[1, 2, 1, 1, 3]
	[0, 3, 0, 0, 3]
	[0, 0, 4, 0, 0]
	[0, 0, 0, 4, 0]

(238)  12 ≥ 
	[4, 0, 0, 0, 0]
	[3, 1, 1, 1, 0]
	[2, 2, 2, 1, 1]
	[1, 3, 1, 1, 0]
	[1, 1, 1, 3, 0]
	[0, 4, 0, 0, 0]
	[0, 0, 4, 0, 0]
	[0, 0, 0, 1, 3]

(239)  6 ≥ 
	[2, 0, 0, 0, 0]
	[2, 0, 0, 0, 0]
	[2, 0, 0, 0, 0]
	[1, 1, 1, 1, 0]
	[0, 2, 0, 0, 0]
	[0, 2, 0, 0, 0]
	[0, 0, 2, 0, 0]
	[0, 0, 0, 2, 0]

(240)  7 ≥ 
	[2, 1, 0, 0, 0]
	[1, 1, 1, 1, 1]
	[1, 1, 1, 1, 1]
	[1, 0, 2, 0, 0]
	[0, 2, 1, 0, 0]
	[0, 0, 0, 2, 0]
	[0, 0, 0, 2, 0]
	[0, 0, 0, 0, 2]

(241)  14 ≥ 
	[4, 2, 0, 0, 0]
	[4, 2, 0, 0, 0]
	[3, 3, 1, 1, 0]
	[3, 0, 1, 1, 3]
	[2, 2, 2, 2, 2]
	[0, 3, 0, 0, 3]
	[0, 0, 4, 0, 0]
	[0, 0, 0, 4, 0]

(242)  10 ≥ 
	[3, 1, 0, 0, 0]
	[2, 0, 2, 1, 1]
	[1, 2, 1, 1, 1]
	[1, 1, 1, 2, 1]
	[1, 1, 1, 2, 1]
	[0, 1, 3, 0, 0]
	[0, 0, 0, 3, 0]
	[0, 0, 0, 0, 3]

(243)  14 ≥ 
	[4, 2, 0, 0, 0]
	[3, 0, 3, 1, 1]
	[2, 3, 1, 1, 1]
	[2, 2, 2, 2, 2]
	[1, 3, 2, 1, 1]
	[0, 2, 4, 0, 0]
	[0, 0, 0, 4, 0]
	[0, 0, 0, 0, 4]

(244)  6 ≥ 
	[2, 0, 0, 0, 0]
	[2, 0, 0, 0, 0]
	[2, 0, 0, 0, 0]
	[1, 1, 1, 1, 0]
	[1, 0, 0, 0, 1]
	[0, 2, 0, 0, 0]
	[0, 0, 2, 0, 0]
	[0, 0, 0, 2, 0]

(245)  14 ≥ 
	[4, 2, 0, 0, 0]
	[3, 0, 3, 1, 1]
	[2, 2, 2, 2, 2]
	[0, 3, 3, 0, 0]
	[0, 0, 0, 4, 0]
	[0, 0, 0, 4, 0]
	[0, 0, 0, 0, 4]
	[0, 0, 0, 0, 4]

(246)  14 ≥ 
	[4, 2, 0, 0, 0]
	[3, 3, 0, 0, 0]
	[3, 0, 3, 1, 1]
	[3, 0, 3, 1, 1]
	[2, 2, 2, 2, 2]
	[0, 2, 4, 0, 0]
	[0, 0, 0, 4, 0]
	[0, 0, 0, 0, 4]

(247)  12 ≥ 
	[4, 0, 0, 0, 0]
	[2, 2, 2, 1, 1]
	[2, 2, 2, 1, 1]
	[1, 1, 1, 3, 0]
	[0, 4, 0, 0, 0]
	[0, 0, 4, 0, 0]
	[0, 0, 0, 3, 1]
	[0, 0, 0, 1, 3]

(248)  8 ≥ 
	[2, 2, 0, 0, 0]
	[2, 2, 0, 0, 0]
	[2, 0, 2, 0, 0]
	[1, 1, 1, 1, 1]
	[1, 1, 1, 1, 1]
	[0, 2, 2, 0, 0]
	[0, 0, 0, 2, 0]
	[0, 0, 0, 0, 2]

(249)  7 ≥ 
	[2, 1, 0, 0, 0]
	[2, 0, 1, 0, 0]
	[1, 1, 1, 1, 1]
	[1, 1, 1, 1, 1]
	[0, 2, 1, 0, 0]
	[0, 0, 0, 2, 0]
	[0, 0, 0, 2, 0]
	[0, 0, 0, 0, 2]

(250)  7 ≥ 
	[2, 1, 0, 0, 0]
	[2, 0, 1, 0, 0]
	[1, 2, 0, 0, 0]
	[1, 1, 1, 1, 1]
	[0, 1, 2, 0, 0]
	[0, 0, 0, 2, 0]
	[0, 0, 0, 2, 0]
	[0, 0, 0, 0, 2]

(251)  13 ≥ 
	[4, 1, 0, 0, 0]
	[2, 2, 2, 2, 1]
	[2, 0, 0, 0, 3]
	[1, 1, 1, 1, 3]
	[1, 1, 1, 1, 3]
	[0, 4, 0, 0, 1]
	[0, 0, 4, 0, 0]
	[0, 0, 0, 4, 0]

(252)  7 ≥ 
	[2, 1, 0, 0, 0]
	[2, 1, 0, 0, 0]
	[2, 1, 0, 0, 0]
	[2, 0, 1, 0, 0]
	[1, 1, 1, 1, 1]
	[0, 2, 1, 0, 0]
	[0, 0, 0, 2, 0]
	[0, 0, 0, 0, 2]

(253)  14 ≥ 
	[4, 2, 0, 0, 0]
	[4, 2, 0, 0, 0]
	[3, 0, 3, 1, 1]
	[2, 2, 2, 2, 2]
	[2, 2, 2, 2, 2]
	[0, 2, 4, 0, 0]
	[0, 0, 0, 4, 0]
	[0, 0, 0, 0, 4]

(254)  12 ≥ 
	[4, 0, 0, 0, 0]
	[2, 2, 2, 1, 1]
	[1, 1, 1, 3, 0]
	[1, 1, 1, 3, 0]
	[1, 1, 1, 0, 3]
	[0, 4, 0, 0, 0]
	[0, 0, 4, 0, 0]
	[0, 0, 0, 3, 1]

(255)  14 ≥ 
	[4, 2, 0, 0, 0]
	[3, 0, 3, 1, 1]
	[3, 0, 3, 1, 1]
	[2, 3, 1, 1, 1]
	[2, 2, 2, 2, 2]
	[0, 2, 4, 0, 0]
	[0, 0, 0, 4, 0]
	[0, 0, 0, 0, 4]

(256)  10 ≥ 
	[3, 1, 0, 0, 0]
	[2, 2, 0, 0, 0]
	[2, 0, 2, 1, 1]
	[1, 2, 1, 1, 1]
	[1, 0, 3, 0, 0]
	[0, 2, 2, 0, 0]
	[0, 0, 0, 3, 0]
	[0, 0, 0, 0, 3]

(257)  6 ≥ 
	[2, 0, 0, 0, 0]
	[2, 0, 0, 0, 0]
	[2, 0, 0, 0, 0]
	[1, 1, 1, 1, 0]
	[0, 2, 0, 0, 0]
	[0, 1, 0, 0, 1]
	[0, 0, 2, 0, 0]
	[0, 0, 0, 2, 0]

(258)  14 ≥ 
	[4, 2, 0, 0, 0]
	[4, 2, 0, 0, 0]
	[4, 0, 2, 0, 0]
	[3, 0, 3, 1, 1]
	[2, 2, 2, 2, 2]
	[0, 3, 3, 0, 0]
	[0, 0, 0, 4, 0]
	[0, 0, 0, 0, 4]

(259)  12 ≥ 
	[4, 0, 0, 0, 0]
	[4, 0, 0, 0, 0]
	[2, 2, 2, 1, 1]
	[1, 1, 1, 3, 0]
	[1, 1, 1, 3, 0]
	[0, 4, 0, 0, 0]
	[0, 0, 4, 0, 0]
	[0, 0, 0, 1, 3]

(260)  9 ≥ 
	[3, 0, 0, 0, 0]
	[1, 1, 1, 1, 1]
	[1, 1, 1, 1, 1]
	[1, 1, 1, 1, 1]
	[0, 3, 0, 0, 0]
	[0, 0, 3, 0, 0]
	[0, 0, 0, 3, 0]
	[0, 0, 0, 0, 3]

(261)  10 ≥ 
	[3, 1, 0, 0, 0]
	[2, 2, 1, 1, 0]
	[2, 0, 0, 0, 2]
	[1, 1, 2, 1, 1]
	[1, 1, 1, 1, 2]
	[0, 3, 0, 0, 1]
	[0, 0, 3, 0, 0]
	[0, 0, 0, 3, 0]

(262)  12 ≥ 
	[4, 0, 0, 0, 0]
	[4, 0, 0, 0, 0]
	[2, 2, 2, 2, 0]
	[1, 1, 1, 1, 2]
	[0, 4, 0, 0, 0]
	[0, 4, 0, 0, 0]
	[0, 0, 4, 0, 0]
	[0, 0, 0, 4, 0]

(263)  3 ≥ 
	[1, 0, 0, 0, 0]
	[1, 0, 0, 0, 0]
	[1, 0, 0, 0, 0]
	[0, 1, 0, 0, 0]
	[0, 1, 0, 0, 0]
	[0, 0, 1, 0, 0]
	[0, 0, 1, 0, 0]
	[0, 0, 0, 1, 0]

(264)  14 ≥ 
	[4, 2, 0, 0, 0]
	[4, 0, 2, 0, 0]
	[3, 3, 0, 1, 1]
	[2, 2, 2, 2, 2]
	[0, 4, 2, 0, 0]
	[0, 0, 0, 4, 0]
	[0, 0, 0, 4, 0]
	[0, 0, 0, 0, 4]

(265)  24 ≥ 
	[6, 6, 0, 0, 0]
	[6, 0, 6, 0, 0]
	[4, 4, 4, 2, 2]
	[4, 4, 4, 2, 2]
	[3, 3, 3, 3, 3]
	[0, 6, 6, 0, 0]
	[0, 0, 0, 6, 0]
	[0, 0, 0, 0, 6]

(266)  12 ≥ 
	[4, 0, 0, 0, 0]
	[2, 2, 2, 2, 0]
	[2, 2, 2, 2, 0]
	[1, 1, 1, 1, 2]
	[1, 1, 1, 1, 2]
	[0, 4, 0, 0, 0]
	[0, 0, 4, 0, 0]
	[0, 0, 0, 4, 0]

(267)  7 ≥ 
	[2, 1, 0, 0, 0]
	[2, 1, 0, 0, 0]
	[2, 0, 1, 0, 0]
	[2, 0, 1, 0, 0]
	[1, 1, 1, 1, 1]
	[0, 2, 1, 0, 0]
	[0, 0, 0, 2, 0]
	[0, 0, 0, 0, 2]

(268)  7 ≥ 
	[2, 1, 0, 0, 0]
	[1, 1, 1, 1, 1]
	[1, 0, 2, 0, 0]
	[0, 2, 1, 0, 0]
	[0, 0, 0, 2, 0]
	[0, 0, 0, 2, 0]
	[0, 0, 0, 2, 0]
	[0, 0, 0, 0, 2]

(269)  6 ≥ 
	[2, 0, 0, 0, 0]
	[1, 1, 1, 1, 0]
	[1, 0, 0, 0, 1]
	[0, 2, 0, 0, 0]
	[0, 1, 0, 0, 1]
	[0, 0, 2, 0, 0]
	[0, 0, 1, 0, 1]
	[0, 0, 0, 2, 0]

(270)  12 ≥ 
	[4, 0, 0, 0, 0]
	[3, 1, 1, 1, 0]
	[2, 2, 2, 1, 1]
	[1, 1, 1, 0, 3]
	[1, 1, 1, 0, 3]
	[0, 4, 0, 0, 0]
	[0, 0, 4, 0, 0]
	[0, 0, 0, 3, 1]

(271)  3 ≥ 
	[1, 0, 0, 0, 0]
	[1, 0, 0, 0, 0]
	[1, 0, 0, 0, 0]
	[0, 1, 0, 0, 0]
	[0, 1, 0, 0, 0]
	[0, 0, 1, 0, 0]
	[0, 0, 0, 1, 0]
	[0, 0, 0, 0, 1]

(272)  12 ≥ 
	[4, 0, 0, 0, 0]
	[2, 2, 2, 2, 0]
	[2, 0, 0, 0, 2]
	[2, 0, 0, 0, 2]
	[1, 1, 1, 1, 2]
	[0, 4, 0, 0, 0]
	[0, 0, 4, 0, 0]
	[0, 0, 0, 4, 0]

(273)  6 ≥ 
	[2, 0, 0, 0, 0]
	[2, 0, 0, 0, 0]
	[1, 1, 1, 1, 0]
	[0, 2, 0, 0, 0]
	[0, 1, 0, 0, 1]
	[0, 1, 0, 0, 1]
	[0, 0, 2, 0, 0]
	[0, 0, 0, 2, 0]

(274)  10 ≥ 
	[3, 1, 0, 0, 0]
	[2, 2, 1, 1, 0]
	[2, 2, 1, 1, 0]
	[2, 0, 0, 0, 2]
	[1, 1, 1, 1, 2]
	[0, 3, 0, 0, 1]
	[0, 0, 3, 0, 0]
	[0, 0, 0, 3, 0]

(275)  7 ≥ 
	[2, 1, 0, 0, 0]
	[2, 1, 0, 0, 0]
	[2, 0, 1, 0, 0]
	[1, 1, 1, 1, 1]
	[0, 2, 1, 0, 0]
	[0, 2, 1, 0, 0]
	[0, 0, 0, 2, 0]
	[0, 0, 0, 0, 2]

(276)  14 ≥ 
	[4, 2, 0, 0, 0]
	[4, 2, 0, 0, 0]
	[3, 0, 3, 1, 1]
	[2, 2, 2, 2, 2]
	[0, 3, 3, 0, 0]
	[0, 0, 0, 4, 0]
	[0, 0, 0, 4, 0]
	[0, 0, 0, 0, 4]

(277)  13 ≥ 
	[4, 1, 0, 0, 0]
	[4, 0, 1, 0, 0]
	[2, 2, 1, 2, 2]
	[1, 1, 3, 1, 1]
	[1, 1, 3, 1, 1]
	[0, 4, 1, 0, 0]
	[0, 0, 0, 4, 0]
	[0, 0, 0, 0, 4]

(278)  7 ≥ 
	[2, 1, 0, 0, 0]
	[2, 1, 0, 0, 0]
	[2, 0, 1, 0, 0]
	[1, 2, 0, 0, 0]
	[1, 1, 1, 1, 1]
	[0, 2, 1, 0, 0]
	[0, 0, 0, 2, 0]
	[0, 0, 0, 0, 2]

(279)  13 ≥ 
	[4, 1, 0, 0, 0]
	[4, 0, 1, 0, 0]
	[2, 2, 1, 2, 2]
	[2, 2, 1, 2, 2]
	[1, 1, 3, 1, 1]
	[0, 4, 1, 0, 0]
	[0, 0, 0, 4, 0]
	[0, 0, 0, 0, 4]

(280)  13 ≥ 
	[4, 1, 0, 0, 0]
	[4, 0, 1, 0, 0]
	[2, 2, 1, 2, 2]
	[2, 0, 3, 0, 0]
	[1, 1, 3, 1, 1]
	[0, 4, 1, 0, 0]
	[0, 0, 0, 4, 0]
	[0, 0, 0, 0, 4]

(281)  7 ≥ 
	[2, 1, 0, 0, 0]
	[2, 1, 0, 0, 0]
	[1, 2, 0, 0, 0]
	[1, 1, 1, 1, 1]
	[1, 0, 2, 0, 0]
	[0, 1, 2, 0, 0]
	[0, 0, 0, 2, 0]
	[0, 0, 0, 0, 2]

(282)  12 ≥ 
	[4, 0, 0, 0, 0]
	[2, 2, 2, 1, 1]
	[2, 2, 2, 1, 1]
	[1, 1, 1, 3, 0]
	[1, 1, 1, 3, 0]
	[0, 4, 0, 0, 0]
	[0, 0, 4, 0, 0]
	[0, 0, 0, 1, 3]

(283)  13 ≥ 
	[4, 1, 0, 0, 0]
	[4, 0, 1, 0, 0]
	[2, 2, 1, 2, 2]
	[1, 1, 3, 1, 1]
	[1, 1, 1, 3, 1]
	[0, 4, 1, 0, 0]
	[0, 0, 0, 4, 0]
	[0, 0, 0, 0, 4]

(284)  6 ≥ 
	[2, 0, 0, 0, 0]
	[1, 1, 1, 1, 0]
	[1, 0, 0, 0, 1]
	[1, 0, 0, 0, 1]
	[1, 0, 0, 0, 1]
	[0, 2, 0, 0, 0]
	[0, 0, 2, 0, 0]
	[0, 0, 0, 2, 0]

(285)  14 ≥ 
	[4, 2, 0, 0, 0]
	[4, 0, 2, 0, 0]
	[3, 3, 0, 1, 1]
	[3, 0, 3, 1, 1]
	[2, 2, 2, 2, 2]
	[0, 3, 3, 0, 0]
	[0, 0, 0, 4, 0]
	[0, 0, 0, 0, 4]

(286)  10 ≥ 
	[3, 1, 0, 0, 0]
	[3, 1, 0, 0, 0]
	[3, 0, 1, 0, 0]
	[2, 2, 0, 1, 1]
	[1, 1, 2, 1, 1]
	[0, 3, 1, 0, 0]
	[0, 0, 0, 3, 0]
	[0, 0, 0, 0, 3]

(287)  13 ≥ 
	[4, 1, 0, 0, 0]
	[4, 1, 0, 0, 0]
	[3, 0, 2, 1, 1]
	[2, 1, 2, 2, 2]
	[1, 3, 1, 1, 1]
	[0, 1, 4, 0, 0]
	[0, 0, 0, 4, 0]
	[0, 0, 0, 0, 4]

(288)  14 ≥ 
	[4, 2, 0, 0, 0]
	[4, 2, 0, 0, 0]
	[3, 0, 3, 1, 1]
	[2, 3, 1, 1, 1]
	[2, 2, 2, 2, 2]
	[0, 2, 4, 0, 0]
	[0, 0, 0, 4, 0]
	[0, 0, 0, 0, 4]

(289)  14 ≥ 
	[4, 2, 0, 0, 0]
	[4, 0, 2, 0, 0]
	[3, 3, 0, 1, 1]
	[2, 2, 2, 2, 2]
	[0, 4, 2, 0, 0]
	[0, 3, 3, 0, 0]
	[0, 0, 0, 4, 0]
	[0, 0, 0, 0, 4]

(290)  14 ≥ 
	[4, 2, 0, 0, 0]
	[3, 0, 3, 1, 1]
	[3, 0, 3, 1, 1]
	[3, 0, 3, 1, 1]
	[2, 2, 2, 2, 2]
	[0, 3, 3, 0, 0]
	[0, 0, 0, 4, 0]
	[0, 0, 0, 0, 4]

(291)  24 ≥ 
	[6, 6, 0, 0, 0]
	[6, 0, 6, 0, 0]
	[4, 4, 4, 2, 2]
	[3, 3, 3, 3, 3]
	[3, 3, 3, 3, 3]
	[0, 6, 6, 0, 0]
	[0, 0, 0, 6, 0]
	[0, 0, 0, 0, 6]

(292)  14 ≥ 
	[4, 2, 0, 0, 0]
	[4, 0, 2, 0, 0]
	[3, 3, 0, 1, 1]
	[2, 2, 2, 2, 2]
	[2, 2, 2, 2, 2]
	[0, 4, 2, 0, 0]
	[0, 0, 0, 4, 0]
	[0, 0, 0, 0, 4]

(293)  10 ≥ 
	[3, 1, 0, 0, 0]
	[3, 0, 1, 0, 0]
	[2, 2, 0, 1, 1]
	[1, 3, 0, 0, 0]
	[1, 1, 2, 1, 1]
	[0, 2, 2, 0, 0]
	[0, 0, 0, 3, 0]
	[0, 0, 0, 0, 3]

(294)  7 ≥ 
	[2, 1, 0, 0, 0]
	[2, 1, 0, 0, 0]
	[1, 1, 1, 1, 1]
	[1, 1, 1, 1, 1]
	[1, 0, 2, 0, 0]
	[0, 1, 2, 0, 0]
	[0, 0, 0, 2, 0]
	[0, 0, 0, 0, 2]

(295)  3 ≥ 
	[1, 0, 0, 0, 0]
	[1, 0, 0, 0, 0]
	[1, 0, 0, 0, 0]
	[1, 0, 0, 0, 0]
	[1, 0, 0, 0, 0]
	[0, 1, 0, 0, 0]
	[0, 0, 1, 0, 0]
	[0, 0, 0, 1, 0]

(296)  13 ≥ 
	[4, 1, 0, 0, 0]
	[4, 1, 0, 0, 0]
	[4, 0, 1, 0, 0]
	[2, 1, 2, 2, 2]
	[1, 3, 1, 1, 1]
	[0, 1, 4, 0, 0]
	[0, 0, 0, 4, 0]
	[0, 0, 0, 0, 4]

(297)  14 ≥ 
	[4, 2, 0, 0, 0]
	[3, 3, 0, 0, 0]
	[3, 0, 3, 1, 1]
	[2, 2, 2, 2, 2]
	[2, 2, 2, 2, 2]
	[0, 2, 4, 0, 0]
	[0, 0, 0, 4, 0]
	[0, 0, 0, 0, 4]

(298)  14 ≥ 
	[4, 2, 0, 0, 0]
	[4, 2, 0, 0, 0]
	[3, 0, 3, 1, 1]
	[2, 2, 2, 2, 2]
	[0, 2, 4, 0, 0]
	[0, 2, 4, 0, 0]
	[0, 0, 0, 4, 0]
	[0, 0, 0, 0, 4]

(299)  14 ≥ 
	[4, 2, 0, 0, 0]
	[4, 2, 0, 0, 0]
	[3, 0, 3, 1, 1]
	[2, 2, 2, 2, 2]
	[1, 3, 2, 1, 1]
	[0, 3, 3, 0, 0]
	[0, 0, 0, 4, 0]
	[0, 0, 0, 0, 4]

(300)  12 ≥ 
	[4, 0, 0, 0, 0]
	[2, 2, 2, 1, 1]
	[2, 2, 2, 1, 1]
	[1, 1, 1, 3, 0]
	[0, 4, 0, 0, 0]
	[0, 0, 4, 0, 0]
	[0, 0, 0, 1, 3]
	[0, 0, 0, 1, 3]

(301)  13 ≥ 
	[4, 1, 0, 0, 0]
	[4, 0, 1, 0, 0]
	[2, 2, 1, 2, 2]
	[1, 1, 3, 1, 1]
	[0, 4, 1, 0, 0]
	[0, 0, 0, 4, 0]
	[0, 0, 0, 4, 0]
	[0, 0, 0, 0, 4]

(302)  1 ≥ 
	[1, 0, 0, 0, 0]
	[1, 0, 0, 0, 0]
	[1, 0, 0, 0, 0]
	[1, 0, 0, 0, 0]
	[1, 0, 0, 0, 0]
	[1, 0, 0, 0, 0]
	[1, 0, 0, 0, 0]
	[0, 0, 0, 0, 0]

(303)  12 ≥ 
	[4, 0, 0, 0, 0]
	[3, 1, 1, 1, 0]
	[2, 2, 2, 1, 1]
	[1, 1, 1, 3, 0]
	[0, 4, 0, 0, 0]
	[0, 0, 4, 0, 0]
	[0, 0, 0, 1, 3]
	[0, 0, 0, 1, 3]

(304)  7 ≥ 
	[2, 1, 0, 0, 0]
	[2, 1, 0, 0, 0]
	[2, 0, 1, 0, 0]
	[1, 1, 1, 1, 1]
	[0, 2, 1, 0, 0]
	[0, 1, 2, 0, 0]
	[0, 0, 0, 2, 0]
	[0, 0, 0, 0, 2]

(305)  10 ≥ 
	[3, 1, 0, 0, 0]
	[2, 0, 2, 1, 1]
	[2, 0, 2, 1, 1]
	[2, 0, 2, 1, 1]
	[1, 2, 1, 1, 1]
	[0, 1, 3, 0, 0]
	[0, 0, 0, 3, 0]
	[0, 0, 0, 0, 3]

(306)  12 ≥ 
	[4, 0, 0, 0, 0]
	[4, 0, 0, 0, 0]
	[4, 0, 0, 0, 0]
	[2, 2, 2, 1, 1]
	[1, 1, 1, 3, 0]
	[0, 4, 0, 0, 0]
	[0, 0, 4, 0, 0]
	[0, 0, 0, 1, 3]

(307)  12 ≥ 
	[4, 0, 0, 0, 0]
	[3, 1, 1, 1, 0]
	[2, 2, 2, 1, 1]
	[1, 3, 1, 0, 1]
	[1, 1, 1, 0, 3]
	[0, 4, 0, 0, 0]
	[0, 0, 4, 0, 0]
	[0, 0, 0, 3, 1]

(308)  14 ≥ 
	[4, 2, 0, 0, 0]
	[3, 3, 1, 1, 0]
	[3, 0, 1, 1, 3]
	[3, 0, 1, 1, 3]
	[2, 2, 2, 2, 2]
	[0, 3, 0, 0, 3]
	[0, 0, 4, 0, 0]
	[0, 0, 0, 4, 0]

(309)  10 ≥ 
	[3, 1, 0, 0, 0]
	[2, 2, 1, 1, 0]
	[2, 0, 0, 0, 2]
	[2, 0, 0, 0, 2]
	[1, 1, 1, 1, 2]
	[0, 3, 0, 0, 1]
	[0, 0, 3, 0, 0]
	[0, 0, 0, 3, 0]

(310)  12 ≥ 
	[4, 0, 0, 0, 0]
	[2, 2, 2, 1, 1]
	[1, 1, 1, 3, 0]
	[1, 1, 1, 3, 0]
	[1, 1, 1, 0, 3]
	[0, 4, 0, 0, 0]
	[0, 0, 4, 0, 0]
	[0, 0, 0, 1, 3]

(311)  13 ≥ 
	[4, 1, 0, 0, 0]
	[2, 2, 2, 2, 1]
	[2, 0, 0, 0, 3]
	[1, 1, 3, 1, 1]
	[1, 1, 1, 1, 3]
	[0, 4, 0, 0, 1]
	[0, 0, 4, 0, 0]
	[0, 0, 0, 4, 0]

(312)  14 ≥ 
	[4, 2, 0, 0, 0]
	[3, 0, 3, 1, 1]
	[3, 0, 3, 1, 1]
	[2, 2, 2, 2, 2]
	[0, 3, 3, 0, 0]
	[0, 3, 3, 0, 0]
	[0, 0, 0, 4, 0]
	[0, 0, 0, 0, 4]

(313)  13 ≥ 
	[4, 1, 0, 0, 0]
	[2, 3, 0, 0, 0]
	[2, 1, 2, 2, 2]
	[1, 3, 1, 1, 1]
	[1, 0, 4, 0, 0]
	[0, 3, 2, 0, 0]
	[0, 0, 0, 4, 0]
	[0, 0, 0, 0, 4]

(314)  6 ≥ 
	[2, 0, 0, 0, 0]
	[2, 0, 0, 0, 0]
	[1, 1, 1, 1, 0]
	[0, 2, 0, 0, 0]
	[0, 0, 2, 0, 0]
	[0, 0, 0, 1, 1]
	[0, 0, 0, 1, 1]
	[0, 0, 0, 1, 1]

(315)  7 ≥ 
	[2, 1, 0, 0, 0]
	[2, 1, 0, 0, 0]
	[2, 0, 1, 0, 0]
	[1, 1, 1, 1, 1]
	[1, 1, 1, 1, 1]
	[0, 1, 2, 0, 0]
	[0, 0, 0, 2, 0]
	[0, 0, 0, 0, 2]

(316)  9 ≥ 
	[3, 0, 0, 0, 0]
	[3, 0, 0, 0, 0]
	[1, 1, 1, 1, 1]
	[1, 1, 1, 1, 1]
	[0, 3, 0, 0, 0]
	[0, 0, 3, 0, 0]
	[0, 0, 0, 3, 0]
	[0, 0, 0, 0, 3]

(317)  6 ≥ 
	[2, 0, 0, 0, 0]
	[2, 0, 0, 0, 0]
	[2, 0, 0, 0, 0]
	[1, 1, 1, 1, 0]
	[1, 1, 1, 1, 0]
	[0, 2, 0, 0, 0]
	[0, 0, 2, 0, 0]
	[0, 0, 0, 1, 1]

(318)  20 ≥ 
	[6, 2, 0, 0, 0]
	[6, 0, 2, 0, 0]
	[4, 4, 0, 2, 2]
	[3, 3, 2, 3, 3]
	[2, 2, 4, 2, 2]
	[0, 6, 2, 0, 0]
	[0, 0, 0, 6, 0]
	[0, 0, 0, 0, 6]

(319)  12 ≥ 
	[3, 3, 0, 0, 0]
	[3, 3, 0, 0, 0]
	[3, 3, 0, 0, 0]
	[3, 0, 3, 0, 0]
	[2, 2, 2, 1, 1]
	[0, 3, 3, 0, 0]
	[0, 0, 0, 3, 0]
	[0, 0, 0, 0, 3]

(320)  12 ≥ 
	[4, 0, 0, 0, 0]
	[3, 1, 1, 1, 0]
	[3, 1, 1, 1, 0]
	[2, 2, 2, 1, 1]
	[1, 1, 1, 0, 3]
	[0, 4, 0, 0, 0]
	[0, 0, 4, 0, 0]
	[0, 0, 0, 3, 1]

(321)  12 ≥ 
	[4, 0, 0, 0, 0]
	[2, 2, 2, 1, 1]
	[1, 1, 1, 3, 0]
	[0, 4, 0, 0, 0]
	[0, 0, 4, 0, 0]
	[0, 0, 0, 3, 1]
	[0, 0, 0, 3, 1]
	[0, 0, 0, 1, 3]

(322)  12 ≥ 
	[4, 0, 0, 0, 0]
	[3, 1, 1, 1, 0]
	[3, 1, 1, 0, 1]
	[2, 2, 2, 1, 1]
	[1, 1, 1, 0, 3]
	[0, 4, 0, 0, 0]
	[0, 0, 4, 0, 0]
	[0, 0, 0, 3, 1]

(323)  6 ≥ 
	[2, 0, 0, 0, 0]
	[2, 0, 0, 0, 0]
	[1, 1, 1, 1, 0]
	[1, 1, 1, 0, 1]
	[0, 2, 0, 0, 0]
	[0, 0, 2, 0, 0]
	[0, 0, 0, 1, 1]
	[0, 0, 0, 1, 1]

(324)  14 ≥ 
	[4, 2, 0, 0, 0]
	[3, 3, 1, 1, 0]
	[3, 0, 1, 1, 3]
	[2, 2, 2, 2, 2]
	[0, 3, 0, 0, 3]
	[0, 3, 0, 0, 3]
	[0, 0, 4, 0, 0]
	[0, 0, 0, 4, 0]

(325)  14 ≥ 
	[4, 2, 0, 0, 0]
	[4, 0, 2, 0, 0]
	[3, 3, 0, 1, 1]
	[2, 2, 2, 2, 2]
	[2, 1, 3, 1, 1]
	[0, 4, 2, 0, 0]
	[0, 0, 0, 4, 0]
	[0, 0, 0, 0, 4]

(326)  14 ≥ 
	[4, 2, 0, 0, 0]
	[3, 0, 3, 1, 1]
	[2, 2, 2, 2, 2]
	[0, 2, 4, 0, 0]
	[0, 0, 0, 4, 0]
	[0, 0, 0, 4, 0]
	[0, 0, 0, 0, 4]
	[0, 0, 0, 0, 4]

(327)  7 ≥ 
	[2, 1, 0, 0, 0]
	[2, 0, 1, 0, 0]
	[1, 2, 0, 0, 0]
	[1, 1, 1, 1, 1]
	[1, 1, 1, 1, 1]
	[0, 2, 1, 0, 0]
	[0, 0, 0, 2, 0]
	[0, 0, 0, 0, 2]

(328)  6 ≥ 
	[2, 0, 0, 0, 0]
	[2, 0, 0, 0, 0]
	[1, 1, 1, 1, 0]
	[1, 0, 0, 0, 1]
	[1, 0, 0, 0, 1]
	[0, 2, 0, 0, 0]
	[0, 0, 2, 0, 0]
	[0, 0, 0, 2, 0]

(329)  20 ≥ 
	[6, 2, 0, 0, 0]
	[4, 0, 4, 2, 2]
	[3, 2, 3, 3, 3]
	[2, 4, 2, 2, 2]
	[0, 2, 6, 0, 0]
	[0, 0, 0, 6, 0]
	[0, 0, 0, 6, 0]
	[0, 0, 0, 0, 6]

(330)  14 ≥ 
	[4, 2, 0, 0, 0]
	[3, 0, 3, 1, 1]
	[2, 2, 2, 2, 2]
	[1, 3, 2, 1, 1]
	[1, 3, 2, 1, 1]
	[0, 3, 3, 0, 0]
	[0, 0, 0, 4, 0]
	[0, 0, 0, 0, 4]

(331)  7 ≥ 
	[2, 1, 0, 0, 0]
	[2, 1, 0, 0, 0]
	[1, 1, 1, 1, 1]
	[1, 0, 2, 0, 0]
	[0, 2, 1, 0, 0]
	[0, 1, 2, 0, 0]
	[0, 0, 0, 2, 0]
	[0, 0, 0, 0, 2]

(332)  6 ≥ 
	[2, 0, 0, 0, 0]
	[2, 0, 0, 0, 0]
	[2, 0, 0, 0, 0]
	[2, 0, 0, 0, 0]
	[1, 1, 1, 1, 0]
	[0, 2, 0, 0, 0]
	[0, 0, 2, 0, 0]
	[0, 0, 0, 1, 1]

(333)  12 ≥ 
	[4, 0, 0, 0, 0]
	[2, 2, 2, 2, 0]
	[2, 0, 0, 0, 2]
	[1, 1, 1, 1, 2]
	[1, 1, 1, 1, 2]
	[0, 4, 0, 0, 0]
	[0, 0, 4, 0, 0]
	[0, 0, 0, 4, 0]

(334)  13 ≥ 
	[4, 1, 0, 0, 0]
	[4, 1, 0, 0, 0]
	[2, 1, 2, 2, 2]
	[2, 0, 3, 1, 1]
	[1, 3, 1, 1, 1]
	[0, 1, 4, 0, 0]
	[0, 0, 0, 4, 0]
	[0, 0, 0, 0, 4]

(335)  7 ≥ 
	[2, 1, 0, 0, 0]
	[2, 0, 1, 0, 0]
	[1, 1, 1, 1, 1]
	[0, 2, 1, 0, 0]
	[0, 0, 0, 2, 0]
	[0, 0, 0, 2, 0]
	[0, 0, 0, 0, 2]
	[0, 0, 0, 0, 2]

(336)  12 ≥ 
	[4, 0, 0, 0, 0]
	[3, 1, 1, 1, 0]
	[3, 1, 1, 1, 0]
	[2, 2, 2, 1, 1]
	[1, 1, 1, 3, 0]
	[0, 4, 0, 0, 0]
	[0, 0, 4, 0, 0]
	[0, 0, 0, 1, 3]

(337)  12 ≥ 
	[4, 0, 0, 0, 0]
	[4, 0, 0, 0, 0]
	[3, 1, 1, 1, 0]
	[2, 2, 2, 1, 1]
	[1, 1, 1, 0, 3]
	[0, 4, 0, 0, 0]
	[0, 0, 4, 0, 0]
	[0, 0, 0, 3, 1]

(338)  14 ≥ 
	[4, 2, 0, 0, 0]
	[3, 3, 0, 0, 0]
	[3, 0, 3, 1, 1]
	[2, 2, 2, 2, 2]
	[1, 3, 2, 1, 1]
	[0, 2, 4, 0, 0]
	[0, 0, 0, 4, 0]
	[0, 0, 0, 0, 4]

(339)  6 ≥ 
	[2, 0, 0, 0, 0]
	[1, 1, 1, 1, 0]
	[1, 1, 1, 1, 0]
	[1, 1, 1, 1, 0]
	[1, 1, 1, 0, 1]
	[0, 2, 0, 0, 0]
	[0, 0, 2, 0, 0]
	[0, 0, 0, 1, 1]

(340)  12 ≥ 
	[4, 0, 0, 0, 0]
	[2, 2, 2, 1, 1]
	[2, 2, 2, 1, 1]
	[1, 1, 1, 3, 0]
	[1, 1, 1, 0, 3]
	[0, 4, 0, 0, 0]
	[0, 0, 4, 0, 0]
	[0, 0, 0, 3, 1]

(341)  10 ≥ 
	[3, 1, 0, 0, 0]
	[3, 1, 0, 0, 0]
	[2, 2, 0, 0, 0]
	[2, 0, 2, 1, 1]
	[1, 2, 1, 1, 1]
	[0, 1, 3, 0, 0]
	[0, 0, 0, 3, 0]
	[0, 0, 0, 0, 3]

(342)  3 ≥ 
	[1, 0, 0, 0, 0]
	[1, 0, 0, 0, 0]
	[0, 1, 0, 0, 0]
	[0, 1, 0, 0, 0]
	[0, 0, 1, 0, 0]
	[0, 0, 1, 0, 0]
	[0, 0, 0, 1, 0]
	[0, 0, 0, 0, 1]

(343)  13 ≥ 
	[4, 1, 0, 0, 0]
	[4, 0, 1, 0, 0]
	[2, 2, 1, 2, 2]
	[1, 1, 3, 1, 1]
	[0, 4, 1, 0, 0]
	[0, 2, 3, 0, 0]
	[0, 0, 0, 4, 0]
	[0, 0, 0, 0, 4]

(344)  6 ≥ 
	[2, 0, 0, 0, 0]
	[2, 0, 0, 0, 0]
	[1, 1, 1, 1, 0]
	[1, 1, 1, 1, 0]
	[0, 2, 0, 0, 0]
	[0, 2, 0, 0, 0]
	[0, 0, 2, 0, 0]
	[0, 0, 0, 1, 1]

(345)  14 ≥ 
	[4, 2, 0, 0, 0]
	[4, 2, 0, 0, 0]
	[4, 0, 2, 0, 0]
	[3, 0, 3, 1, 1]
	[2, 2, 2, 2, 2]
	[0, 2, 4, 0, 0]
	[0, 0, 0, 4, 0]
	[0, 0, 0, 0, 4]

(346)  14 ≥ 
	[4, 2, 0, 0, 0]
	[4, 0, 2, 0, 0]
	[3, 3, 0, 1, 1]
	[2, 4, 0, 0, 0]
	[2, 2, 2, 2, 2]
	[0, 3, 3, 0, 0]
	[0, 0, 0, 4, 0]
	[0, 0, 0, 0, 4]

(347)  14 ≥ 
	[4, 2, 0, 0, 0]
	[4, 2, 0, 0, 0]
	[3, 0, 3, 1, 1]
	[2, 2, 2, 2, 2]
	[0, 3, 3, 0, 0]
	[0, 3, 3, 0, 0]
	[0, 0, 0, 4, 0]
	[0, 0, 0, 0, 4]

(348)  10 ≥ 
	[3, 1, 0, 0, 0]
	[2, 0, 2, 1, 1]
	[1, 2, 1, 1, 1]
	[1, 1, 1, 2, 1]
	[1, 1, 1, 1, 2]
	[0, 1, 3, 0, 0]
	[0, 0, 0, 3, 0]
	[0, 0, 0, 0, 3]

(349)  14 ≥ 
	[4, 2, 0, 0, 0]
	[3, 3, 1, 1, 0]
	[3, 0, 0, 0, 3]
	[2, 2, 2, 2, 2]
	[2, 2, 2, 2, 2]
	[0, 4, 0, 0, 2]
	[0, 0, 4, 0, 0]
	[0, 0, 0, 4, 0]

(350)  4 ≥ 
	[1, 1, 0, 0, 0]
	[1, 1, 0, 0, 0]
	[1, 1, 0, 0, 0]
	[1, 0, 1, 0, 0]
	[0, 1, 1, 0, 0]
	[0, 0, 0, 1, 0]
	[0, 0, 0, 1, 0]
	[0, 0, 0, 0, 1]

(351)  13 ≥ 
	[4, 1, 0, 0, 0]
	[4, 1, 0, 0, 0]
	[2, 2, 2, 2, 1]
	[2, 0, 0, 0, 3]
	[1, 1, 1, 1, 3]
	[0, 4, 0, 0, 1]
	[0, 0, 4, 0, 0]
	[0, 0, 0, 4, 0]

(352)  14 ≥ 
	[4, 2, 0, 0, 0]
	[3, 0, 3, 1, 1]
	[2, 2, 2, 2, 2]
	[1, 3, 2, 1, 1]
	[0, 3, 3, 0, 0]
	[0, 0, 0, 4, 0]
	[0, 0, 0, 4, 0]
	[0, 0, 0, 0, 4]

(353)  14 ≥ 
	[4, 2, 0, 0, 0]
	[4, 0, 2, 0, 0]
	[3, 3, 0, 1, 1]
	[2, 2, 2, 2, 2]
	[1, 2, 3, 1, 1]
	[0, 4, 2, 0, 0]
	[0, 0, 0, 4, 0]
	[0, 0, 0, 0, 4]

(354)  7 ≥ 
	[2, 1, 0, 0, 0]
	[2, 0, 1, 0, 0]
	[1, 2, 0, 0, 0]
	[1, 1, 1, 1, 1]
	[1, 1, 1, 1, 1]
	[0, 1, 2, 0, 0]
	[0, 0, 0, 2, 0]
	[0, 0, 0, 0, 2]

(355)  6 ≥ 
	[2, 0, 0, 0, 0]
	[2, 0, 0, 0, 0]
	[2, 0, 0, 0, 0]
	[1, 1, 1, 1, 0]
	[0, 2, 0, 0, 0]
	[0, 0, 2, 0, 0]
	[0, 0, 0, 1, 1]
	[0, 0, 0, 1, 1]

(356)  14 ≥ 
	[4, 2, 0, 0, 0]
	[3, 3, 1, 1, 0]
	[3, 0, 0, 0, 3]
	[2, 4, 0, 0, 0]
	[2, 2, 2, 2, 2]
	[0, 3, 0, 0, 3]
	[0, 0, 4, 0, 0]
	[0, 0, 0, 4, 0]

(357)  12 ≥ 
	[4, 0, 0, 0, 0]
	[4, 0, 0, 0, 0]
	[2, 2, 2, 1, 1]
	[1, 1, 1, 3, 0]
	[0, 4, 0, 0, 0]
	[0, 4, 0, 0, 0]
	[0, 0, 4, 0, 0]
	[0, 0, 0, 1, 3]

(358)  14 ≥ 
	[4, 2, 0, 0, 0]
	[3, 0, 3, 1, 1]
	[3, 0, 3, 1, 1]
	[2, 2, 2, 2, 2]
	[0, 2, 4, 0, 0]
	[0, 0, 0, 4, 0]
	[0, 0, 0, 4, 0]
	[0, 0, 0, 0, 4]

