(1)  10 ≥ 
	[3, 1, 0, 0, 0]
	[2, 0, 2, 1, 1]
	[1, 2, 1, 1, 1]
	[0, 1, 3, 0, 0]
	[0, 0, 0, 3, 0]
	[0, 0, 0, 0, 3]

(2)  7 ≥ 
	[2, 1, 0, 0, 0]
	[2, 0, 1, 0, 0]
	[1, 1, 1, 1, 1]
	[0, 2, 1, 0, 0]
	[0, 0, 0, 2, 0]
	[0, 0, 0, 0, 2]

(3)  1 ≥ 
	[1, 0, 0, 0, 0]
	[1, 0, 0, 0, 0]
	[1, 0, 0, 0, 0]
	[1, 0, 0, 0, 0]
	[1, 0, 0, 0, 0]
	[0, 0, 0, 0, 0]

(4)  12 ≥ 
	[4, 0, 0, 0, 0]
	[2, 2, 2, 2, 0]
	[1, 1, 1, 1, 2]
	[0, 4, 0, 0, 0]
	[0, 0, 4, 0, 0]
	[0, 0, 0, 4, 0]

(5)  14 ≥ 
	[4, 2, 0, 0, 0]
	[3, 0, 3, 1, 1]
	[2, 2, 2, 2, 2]
	[0, 3, 3, 0, 0]
	[0, 0, 0, 4, 0]
	[0, 0, 0, 0, 4]

(6)  3 ≥ 
	[1, 0, 0, 0, 0]
	[1, 0, 0, 0, 0]
	[0, 1, 0, 0, 0]
	[0, 1, 0, 0, 0]
	[0, 0, 1, 0, 0]
	[0, 0, 0, 1, 0]

(7)  3 ≥ 
	[1, 0, 0, 0, 0]
	[1, 0, 0, 0, 0]
	[1, 0, 0, 0, 0]
	[0, 1, 0, 0, 0]
	[0, 0, 1, 0, 0]
	[0, 0, 0, 1, 0]

(8)  12 ≥ 
	[4, 0, 0, 0, 0]
	[2, 2, 2, 1, 1]
	[1, 1, 1, 3, 0]
	[0, 4, 0, 0, 0]
	[0, 0, 4, 0, 0]
	[0, 0, 0, 1, 3]

(9)  7 ≥ 
	[2, 1, 0, 0, 0]
	[1, 1, 1, 1, 1]
	[1, 0, 2, 0, 0]
	[0, 2, 1, 0, 0]
	[0, 0, 0, 2, 0]
	[0, 0, 0, 0, 2]

(10)  8 ≥ 
	[2, 2, 0, 0, 0]
	[2, 0, 2, 0, 0]
	[1, 1, 1, 1, 1]
	[0, 2, 2, 0, 0]
	[0, 0, 0, 2, 0]
	[0, 0, 0, 0, 2]

(11)  6 ≥ 
	[2, 0, 0, 0, 0]
	[1, 1, 1, 1, 0]
	[1, 0, 0, 0, 1]
	[0, 2, 0, 0, 0]
	[0, 0, 2, 0, 0]
	[0, 0, 0, 2, 0]

(12)  6 ≥ 
	[2, 0, 0, 0, 0]
	[1, 1, 1, 1, 0]
	[1, 1, 1, 0, 1]
	[0, 2, 0, 0, 0]
	[0, 0, 2, 0, 0]
	[0, 0, 0, 1, 1]

(13)  12 ≥ 
	[3, 3, 0, 0, 0]
	[3, 0, 3, 0, 0]
	[2, 2, 2, 1, 1]
	[0, 3, 3, 0, 0]
	[0, 0, 0, 3, 0]
	[0, 0, 0, 0, 3]

(14)  4 ≥ 
	[1, 1, 0, 0, 0]
	[1, 1, 0, 0, 0]
	[1, 0, 1, 0, 0]
	[0, 1, 1, 0, 0]
	[0, 0, 0, 1, 0]
	[0, 0, 0, 0, 1]

(15)  3 ≥ 
	[1, 0, 0, 0, 0]
	[1, 0, 0, 0, 0]
	[0, 1, 0, 0, 0]
	[0, 0, 1, 0, 0]
	[0, 0, 0, 1, 0]
	[0, 0, 0, 0, 1]

(16)  6 ≥ 
	[2, 0, 0, 0, 0]
	[2, 0, 0, 0, 0]
	[1, 1, 1, 1, 0]
	[0, 2, 0, 0, 0]
	[0, 0, 2, 0, 0]
	[0, 0, 0, 2, 0]

(17)  6 ≥ 
	[2, 0, 0, 0, 0]
	[1, 1, 1, 1, 0]
	[1, 1, 1, 1, 0]
	[0, 2, 0, 0, 0]
	[0, 0, 2, 0, 0]
	[0, 0, 0, 2, 0]

(18)  6 ≥ 
	[2, 0, 0, 0, 0]
	[1, 1, 1, 1, 0]
	[1, 1, 1, 1, 0]
	[0, 2, 0, 0, 0]
	[0, 0, 2, 0, 0]
	[0, 0, 0, 1, 1]

(19)  14 ≥ 
	[4, 2, 0, 0, 0]
	[3, 0, 3, 1, 1]
	[2, 2, 2, 2, 2]
	[0, 2, 4, 0, 0]
	[0, 0, 0, 4, 0]
	[0, 0, 0, 0, 4]

(20)  6 ≥ 
	[2, 0, 0, 0, 0]
	[2, 0, 0, 0, 0]
	[1, 1, 1, 1, 0]
	[0, 2, 0, 0, 0]
	[0, 0, 2, 0, 0]
	[0, 0, 0, 1, 1]

(21)  6 ≥ 
	[2, 0, 0, 0, 0]
	[1, 1, 1, 1, 0]
	[0, 2, 0, 0, 0]
	[0, 0, 2, 0, 0]
	[0, 0, 0, 1, 1]
	[0, 0, 0, 1, 1]

(22)  4 ≥ 
	[1, 1, 0, 0, 0]
	[1, 0, 1, 0, 0]
	[0, 1, 1, 0, 0]
	[0, 0, 0, 1, 0]
	[0, 0, 0, 1, 0]
	[0, 0, 0, 0, 1]

(23)  9 ≥ 
	[3, 0, 0, 0, 0]
	[1, 1, 1, 1, 1]
	[0, 3, 0, 0, 0]
	[0, 0, 3, 0, 0]
	[0, 0, 0, 3, 0]
	[0, 0, 0, 0, 3]

