(1)  12 ≥ 
	[4, 0, 0, 0, 0]
	[2, 2, 2, 2, 0]
	[2, 0, 0, 0, 2]
	[1, 1, 1, 1, 2]
	[0, 4, 0, 0, 0]
	[0, 0, 4, 0, 0]
	[0, 0, 0, 4, 0]

(2)  4 ≥ 
	[1, 1, 0, 0, 0]
	[1, 1, 0, 0, 0]
	[1, 1, 0, 0, 0]
	[1, 0, 1, 0, 0]
	[0, 1, 1, 0, 0]
	[0, 0, 0, 1, 0]
	[0, 0, 0, 0, 1]

(3)  7 ≥ 
	[2, 1, 0, 0, 0]
	[2, 1, 0, 0, 0]
	[1, 1, 1, 1, 1]
	[1, 0, 2, 0, 0]
	[0, 2, 1, 0, 0]
	[0, 0, 0, 2, 0]
	[0, 0, 0, 0, 2]

(4)  14 ≥ 
	[4, 2, 0, 0, 0]
	[3, 0, 3, 1, 1]
	[3, 0, 3, 1, 1]
	[2, 2, 2, 2, 2]
	[0, 3, 3, 0, 0]
	[0, 0, 0, 4, 0]
	[0, 0, 0, 0, 4]

(5)  7 ≥ 
	[2, 1, 0, 0, 0]
	[2, 0, 1, 0, 0]
	[1, 1, 1, 1, 1]
	[0, 2, 1, 0, 0]
	[0, 0, 0, 2, 0]
	[0, 0, 0, 2, 0]
	[0, 0, 0, 0, 2]

(6)  12 ≥ 
	[4, 0, 0, 0, 0]
	[2, 2, 2, 1, 1]
	[1, 1, 1, 3, 0]
	[0, 4, 0, 0, 0]
	[0, 0, 4, 0, 0]
	[0, 0, 0, 1, 3]
	[0, 0, 0, 1, 3]

(7)  14 ≥ 
	[4, 2, 0, 0, 0]
	[3, 0, 3, 1, 1]
	[2, 2, 2, 2, 2]
	[2, 2, 2, 2, 2]
	[0, 2, 4, 0, 0]
	[0, 0, 0, 4, 0]
	[0, 0, 0, 0, 4]

(8)  3 ≥ 
	[1, 0, 0, 0, 0]
	[1, 0, 0, 0, 0]
	[1, 0, 0, 0, 0]
	[0, 1, 0, 0, 0]
	[0, 1, 0, 0, 0]
	[0, 0, 1, 0, 0]
	[0, 0, 0, 1, 0]

(9)  8 ≥ 
	[2, 2, 0, 0, 0]
	[2, 0, 2, 0, 0]
	[1, 1, 1, 1, 1]
	[1, 1, 1, 1, 1]
	[0, 2, 2, 0, 0]
	[0, 0, 0, 2, 0]
	[0, 0, 0, 0, 2]

(10)  13 ≥ 
	[4, 1, 0, 0, 0]
	[3, 0, 2, 1, 1]
	[2, 1, 2, 2, 2]
	[1, 3, 1, 1, 1]
	[0, 1, 4, 0, 0]
	[0, 0, 0, 4, 0]
	[0, 0, 0, 0, 4]

(11)  13 ≥ 
	[4, 1, 0, 0, 0]
	[4, 0, 1, 0, 0]
	[2, 2, 1, 2, 2]
	[1, 1, 3, 1, 1]
	[0, 4, 1, 0, 0]
	[0, 0, 0, 4, 0]
	[0, 0, 0, 0, 4]

(12)  1 ≥ 
	[1, 0, 0, 0, 0]
	[1, 0, 0, 0, 0]
	[1, 0, 0, 0, 0]
	[1, 0, 0, 0, 0]
	[1, 0, 0, 0, 0]
	[1, 0, 0, 0, 0]
	[0, 0, 0, 0, 0]

(13)  3 ≥ 
	[1, 0, 0, 0, 0]
	[1, 0, 0, 0, 0]
	[0, 1, 0, 0, 0]
	[0, 1, 0, 0, 0]
	[0, 0, 1, 0, 0]
	[0, 0, 0, 1, 0]
	[0, 0, 0, 0, 1]

(14)  10 ≥ 
	[3, 1, 0, 0, 0]
	[2, 0, 2, 1, 1]
	[2, 0, 2, 1, 1]
	[1, 2, 1, 1, 1]
	[0, 1, 3, 0, 0]
	[0, 0, 0, 3, 0]
	[0, 0, 0, 0, 3]

(15)  6 ≥ 
	[2, 0, 0, 0, 0]
	[2, 0, 0, 0, 0]
	[1, 1, 1, 1, 0]
	[0, 2, 0, 0, 0]
	[0, 2, 0, 0, 0]
	[0, 0, 2, 0, 0]
	[0, 0, 0, 1, 1]

(16)  6 ≥ 
	[2, 0, 0, 0, 0]
	[2, 0, 0, 0, 0]
	[1, 1, 1, 1, 0]
	[0, 2, 0, 0, 0]
	[0, 1, 0, 0, 1]
	[0, 0, 2, 0, 0]
	[0, 0, 0, 2, 0]

(17)  10 ≥ 
	[3, 1, 0, 0, 0]
	[2, 0, 2, 1, 1]
	[1, 2, 1, 1, 1]
	[1, 1, 1, 2, 1]
	[0, 1, 3, 0, 0]
	[0, 0, 0, 3, 0]
	[0, 0, 0, 0, 3]

(18)  12 ≥ 
	[3, 3, 0, 0, 0]
	[3, 0, 3, 0, 0]
	[2, 2, 2, 1, 1]
	[0, 3, 3, 0, 0]
	[0, 0, 0, 3, 0]
	[0, 0, 0, 3, 0]
	[0, 0, 0, 0, 3]

(19)  14 ≥ 
	[4, 2, 0, 0, 0]
	[3, 0, 3, 1, 1]
	[2, 2, 2, 2, 2]
	[1, 3, 2, 1, 1]
	[0, 3, 3, 0, 0]
	[0, 0, 0, 4, 0]
	[0, 0, 0, 0, 4]

(20)  4 ≥ 
	[1, 1, 0, 0, 0]
	[1, 1, 0, 0, 0]
	[1, 0, 1, 0, 0]
	[0, 1, 1, 0, 0]
	[0, 0, 0, 1, 0]
	[0, 0, 0, 1, 0]
	[0, 0, 0, 0, 1]

(21)  14 ≥ 
	[4, 2, 0, 0, 0]
	[3, 3, 0, 0, 0]
	[3, 0, 3, 1, 1]
	[2, 2, 2, 2, 2]
	[0, 2, 4, 0, 0]
	[0, 0, 0, 4, 0]
	[0, 0, 0, 0, 4]

(22)  12 ≥ 
	[4, 0, 0, 0, 0]
	[2, 2, 2, 2, 0]
	[1, 1, 1, 1, 2]
	[1, 1, 1, 1, 2]
	[0, 4, 0, 0, 0]
	[0, 0, 4, 0, 0]
	[0, 0, 0, 4, 0]

(23)  14 ≥ 
	[4, 2, 0, 0, 0]
	[3, 3, 1, 1, 0]
	[3, 0, 1, 1, 3]
	[2, 2, 2, 2, 2]
	[0, 3, 0, 0, 3]
	[0, 0, 4, 0, 0]
	[0, 0, 0, 4, 0]

(24)  6 ≥ 
	[2, 0, 0, 0, 0]
	[1, 1, 1, 1, 0]
	[1, 0, 0, 0, 1]
	[0, 2, 0, 0, 0]
	[0, 1, 0, 0, 1]
	[0, 0, 2, 0, 0]
	[0, 0, 0, 2, 0]

(25)  6 ≥ 
	[2, 0, 0, 0, 0]
	[1, 1, 1, 1, 0]
	[1, 1, 1, 1, 0]
	[1, 0, 0, 0, 1]
	[0, 2, 0, 0, 0]
	[0, 0, 2, 0, 0]
	[0, 0, 0, 2, 0]

(26)  14 ≥ 
	[4, 2, 0, 0, 0]
	[3, 0, 3, 1, 1]
	[2, 2, 2, 2, 2]
	[0, 3, 3, 0, 0]
	[0, 0, 0, 4, 0]
	[0, 0, 0, 4, 0]
	[0, 0, 0, 0, 4]

(27)  6 ≥ 
	[2, 0, 0, 0, 0]
	[2, 0, 0, 0, 0]
	[1, 1, 1, 1, 0]
	[0, 2, 0, 0, 0]
	[0, 0, 2, 0, 0]
	[0, 0, 0, 1, 1]
	[0, 0, 0, 1, 1]

(28)  12 ≥ 
	[4, 0, 0, 0, 0]
	[2, 2, 2, 1, 1]
	[1, 1, 1, 3, 0]
	[1, 1, 1, 0, 3]
	[0, 4, 0, 0, 0]
	[0, 0, 4, 0, 0]
	[0, 0, 0, 3, 1]

(29)  14 ≥ 
	[4, 2, 0, 0, 0]
	[3, 0, 3, 1, 1]
	[2, 2, 2, 2, 2]
	[2, 2, 2, 2, 2]
	[0, 3, 3, 0, 0]
	[0, 0, 0, 4, 0]
	[0, 0, 0, 0, 4]

(30)  14 ≥ 
	[4, 2, 0, 0, 0]
	[3, 0, 3, 1, 1]
	[2, 3, 1, 1, 1]
	[2, 2, 2, 2, 2]
	[0, 2, 4, 0, 0]
	[0, 0, 0, 4, 0]
	[0, 0, 0, 0, 4]

(31)  4 ≥ 
	[1, 1, 0, 0, 0]
	[1, 0, 1, 0, 0]
	[0, 1, 1, 0, 0]
	[0, 0, 0, 1, 0]
	[0, 0, 0, 1, 0]
	[0, 0, 0, 0, 1]
	[0, 0, 0, 0, 1]

(32)  12 ≥ 
	[4, 0, 0, 0, 0]
	[3, 1, 1, 1, 0]
	[2, 2, 2, 1, 1]
	[1, 1, 1, 0, 3]
	[0, 4, 0, 0, 0]
	[0, 0, 4, 0, 0]
	[0, 0, 0, 3, 1]

(33)  7 ≥ 
	[2, 1, 0, 0, 0]
	[1, 1, 1, 1, 1]
	[1, 1, 1, 1, 1]
	[1, 0, 2, 0, 0]
	[0, 2, 1, 0, 0]
	[0, 0, 0, 2, 0]
	[0, 0, 0, 0, 2]

(34)  7 ≥ 
	[2, 1, 0, 0, 0]
	[2, 1, 0, 0, 0]
	[2, 0, 1, 0, 0]
	[1, 1, 1, 1, 1]
	[0, 1, 2, 0, 0]
	[0, 0, 0, 2, 0]
	[0, 0, 0, 0, 2]

(35)  12 ≥ 
	[4, 0, 0, 0, 0]
	[2, 2, 2, 1, 1]
	[1, 1, 1, 3, 0]
	[1, 1, 1, 3, 0]
	[0, 4, 0, 0, 0]
	[0, 0, 4, 0, 0]
	[0, 0, 0, 1, 3]

(36)  12 ≥ 
	[4, 0, 0, 0, 0]
	[3, 1, 1, 1, 0]
	[2, 2, 2, 1, 1]
	[1, 1, 1, 3, 0]
	[0, 4, 0, 0, 0]
	[0, 0, 4, 0, 0]
	[0, 0, 0, 1, 3]

(37)  12 ≥ 
	[3, 3, 0, 0, 0]
	[3, 0, 3, 0, 0]
	[2, 2, 2, 1, 1]
	[2, 2, 2, 1, 1]
	[0, 3, 3, 0, 0]
	[0, 0, 0, 3, 0]
	[0, 0, 0, 0, 3]

(38)  14 ≥ 
	[4, 2, 0, 0, 0]
	[3, 0, 3, 1, 1]
	[2, 2, 2, 2, 2]
	[0, 3, 3, 0, 0]
	[0, 3, 3, 0, 0]
	[0, 0, 0, 4, 0]
	[0, 0, 0, 0, 4]

(39)  10 ≥ 
	[3, 1, 0, 0, 0]
	[2, 0, 2, 1, 1]
	[1, 2, 1, 1, 1]
	[0, 1, 3, 0, 0]
	[0, 0, 0, 3, 0]
	[0, 0, 0, 3, 0]
	[0, 0, 0, 0, 3]

(40)  6 ≥ 
	[2, 0, 0, 0, 0]
	[1, 1, 1, 1, 0]
	[1, 1, 1, 1, 0]
	[1, 1, 1, 1, 0]
	[0, 2, 0, 0, 0]
	[0, 0, 2, 0, 0]
	[0, 0, 0, 2, 0]

(41)  12 ≥ 
	[4, 0, 0, 0, 0]
	[2, 2, 2, 1, 1]
	[1, 1, 1, 3, 0]
	[0, 4, 0, 0, 0]
	[0, 0, 4, 0, 0]
	[0, 0, 0, 3, 1]
	[0, 0, 0, 1, 3]

(42)  12 ≥ 
	[3, 3, 0, 0, 0]
	[3, 3, 0, 0, 0]
	[3, 0, 3, 0, 0]
	[2, 2, 2, 1, 1]
	[0, 3, 3, 0, 0]
	[0, 0, 0, 3, 0]
	[0, 0, 0, 0, 3]

(43)  6 ≥ 
	[2, 0, 0, 0, 0]
	[2, 0, 0, 0, 0]
	[2, 0, 0, 0, 0]
	[1, 1, 1, 1, 0]
	[0, 2, 0, 0, 0]
	[0, 0, 2, 0, 0]
	[0, 0, 0, 1, 1]

(44)  20 ≥ 
	[6, 2, 0, 0, 0]
	[4, 0, 4, 2, 2]
	[3, 2, 3, 3, 3]
	[2, 4, 2, 2, 2]
	[0, 2, 6, 0, 0]
	[0, 0, 0, 6, 0]
	[0, 0, 0, 0, 6]

(45)  13 ≥ 
	[4, 1, 0, 0, 0]
	[2, 2, 2, 2, 1]
	[2, 0, 0, 0, 3]
	[1, 1, 1, 1, 3]
	[0, 4, 0, 0, 1]
	[0, 0, 4, 0, 0]
	[0, 0, 0, 4, 0]

(46)  6 ≥ 
	[2, 0, 0, 0, 0]
	[2, 0, 0, 0, 0]
	[1, 1, 1, 1, 0]
	[0, 2, 0, 0, 0]
	[0, 2, 0, 0, 0]
	[0, 0, 2, 0, 0]
	[0, 0, 0, 2, 0]

(47)  6 ≥ 
	[2, 0, 0, 0, 0]
	[2, 0, 0, 0, 0]
	[1, 1, 1, 1, 0]
	[1, 1, 1, 1, 0]
	[0, 2, 0, 0, 0]
	[0, 0, 2, 0, 0]
	[0, 0, 0, 1, 1]

(48)  7 ≥ 
	[2, 1, 0, 0, 0]
	[2, 1, 0, 0, 0]
	[1, 1, 1, 1, 1]
	[1, 0, 2, 0, 0]
	[0, 1, 2, 0, 0]
	[0, 0, 0, 2, 0]
	[0, 0, 0, 0, 2]

(49)  12 ≥ 
	[4, 0, 0, 0, 0]
	[4, 0, 0, 0, 0]
	[2, 2, 2, 2, 0]
	[1, 1, 1, 1, 2]
	[0, 4, 0, 0, 0]
	[0, 0, 4, 0, 0]
	[0, 0, 0, 4, 0]

(50)  6 ≥ 
	[2, 0, 0, 0, 0]
	[2, 0, 0, 0, 0]
	[1, 1, 1, 1, 0]
	[1, 1, 1, 1, 0]
	[0, 2, 0, 0, 0]
	[0, 0, 2, 0, 0]
	[0, 0, 0, 2, 0]

(51)  10 ≥ 
	[3, 1, 0, 0, 0]
	[3, 0, 1, 0, 0]
	[2, 2, 0, 1, 1]
	[1, 1, 2, 1, 1]
	[0, 3, 1, 0, 0]
	[0, 0, 0, 3, 0]
	[0, 0, 0, 0, 3]

(52)  14 ≥ 
	[4, 2, 0, 0, 0]
	[3, 0, 3, 1, 1]
	[2, 2, 2, 2, 2]
	[0, 2, 4, 0, 0]
	[0, 0, 0, 4, 0]
	[0, 0, 0, 4, 0]
	[0, 0, 0, 0, 4]

(53)  6 ≥ 
	[2, 0, 0, 0, 0]
	[1, 1, 1, 1, 0]
	[1, 1, 1, 1, 0]
	[1, 1, 1, 0, 1]
	[0, 2, 0, 0, 0]
	[0, 0, 2, 0, 0]
	[0, 0, 0, 1, 1]

(54)  14 ≥ 
	[4, 2, 0, 0, 0]
	[3, 0, 3, 1, 1]
	[3, 0, 3, 1, 1]
	[2, 2, 2, 2, 2]
	[0, 2, 4, 0, 0]
	[0, 0, 0, 4, 0]
	[0, 0, 0, 0, 4]

(55)  10 ≥ 
	[3, 1, 0, 0, 0]
	[2, 2, 1, 1, 0]
	[2, 0, 0, 0, 2]
	[1, 1, 1, 1, 2]
	[0, 3, 0, 0, 1]
	[0, 0, 3, 0, 0]
	[0, 0, 0, 3, 0]

(56)  14 ≥ 
	[4, 2, 0, 0, 0]
	[4, 2, 0, 0, 0]
	[3, 0, 3, 1, 1]
	[2, 2, 2, 2, 2]
	[0, 2, 4, 0, 0]
	[0, 0, 0, 4, 0]
	[0, 0, 0, 0, 4]

(57)  14 ≥ 
	[4, 2, 0, 0, 0]
	[4, 0, 2, 0, 0]
	[3, 3, 0, 1, 1]
	[2, 2, 2, 2, 2]
	[0, 4, 2, 0, 0]
	[0, 0, 0, 4, 0]
	[0, 0, 0, 0, 4]

(58)  8 ≥ 
	[2, 2, 0, 0, 0]
	[2, 2, 0, 0, 0]
	[2, 0, 2, 0, 0]
	[1, 1, 1, 1, 1]
	[0, 2, 2, 0, 0]
	[0, 0, 0, 2, 0]
	[0, 0, 0, 0, 2]

(59)  6 ≥ 
	[2, 0, 0, 0, 0]
	[1, 1, 1, 1, 0]
	[0, 2, 0, 0, 0]
	[0, 0, 2, 0, 0]
	[0, 0, 0, 1, 1]
	[0, 0, 0, 1, 1]
	[0, 0, 0, 1, 1]

(60)  7 ≥ 
	[2, 1, 0, 0, 0]
	[1, 1, 1, 1, 1]
	[1, 0, 2, 0, 0]
	[0, 2, 1, 0, 0]
	[0, 0, 0, 2, 0]
	[0, 0, 0, 2, 0]
	[0, 0, 0, 0, 2]

(61)  3 ≥ 
	[1, 0, 0, 0, 0]
	[1, 0, 0, 0, 0]
	[1, 0, 0, 0, 0]
	[0, 1, 0, 0, 0]
	[0, 0, 1, 0, 0]
	[0, 0, 0, 1, 0]
	[0, 0, 0, 0, 1]

(62)  4 ≥ 
	[1, 1, 0, 0, 0]
	[1, 1, 0, 0, 0]
	[1, 0, 1, 0, 0]
	[1, 0, 1, 0, 0]
	[0, 1, 1, 0, 0]
	[0, 0, 0, 1, 0]
	[0, 0, 0, 0, 1]

(63)  6 ≥ 
	[2, 0, 0, 0, 0]
	[2, 0, 0, 0, 0]
	[1, 1, 1, 1, 0]
	[1, 0, 0, 0, 1]
	[0, 2, 0, 0, 0]
	[0, 0, 2, 0, 0]
	[0, 0, 0, 2, 0]

(64)  6 ≥ 
	[2, 0, 0, 0, 0]
	[1, 1, 1, 1, 0]
	[1, 1, 1, 0, 1]
	[0, 2, 0, 0, 0]
	[0, 0, 2, 0, 0]
	[0, 0, 0, 1, 1]
	[0, 0, 0, 1, 1]

(65)  10 ≥ 
	[3, 1, 0, 0, 0]
	[2, 0, 2, 1, 1]
	[1, 2, 1, 1, 1]
	[1, 2, 1, 1, 1]
	[0, 1, 3, 0, 0]
	[0, 0, 0, 3, 0]
	[0, 0, 0, 0, 3]

(66)  10 ≥ 
	[3, 1, 0, 0, 0]
	[3, 1, 0, 0, 0]
	[2, 0, 2, 1, 1]
	[1, 2, 1, 1, 1]
	[0, 1, 3, 0, 0]
	[0, 0, 0, 3, 0]
	[0, 0, 0, 0, 3]

(67)  9 ≥ 
	[3, 0, 0, 0, 0]
	[1, 1, 1, 1, 1]
	[1, 1, 1, 1, 1]
	[0, 3, 0, 0, 0]
	[0, 0, 3, 0, 0]
	[0, 0, 0, 3, 0]
	[0, 0, 0, 0, 3]

(68)  6 ≥ 
	[2, 0, 0, 0, 0]
	[1, 1, 1, 1, 0]
	[1, 1, 1, 1, 0]
	[0, 2, 0, 0, 0]
	[0, 0, 2, 0, 0]
	[0, 0, 0, 1, 1]
	[0, 0, 0, 1, 1]

(69)  4 ≥ 
	[1, 1, 0, 0, 0]
	[1, 0, 1, 0, 0]
	[0, 1, 1, 0, 0]
	[0, 0, 0, 1, 0]
	[0, 0, 0, 1, 0]
	[0, 0, 0, 1, 0]
	[0, 0, 0, 0, 1]

(70)  7 ≥ 
	[2, 1, 0, 0, 0]
	[2, 0, 1, 0, 0]
	[1, 2, 0, 0, 0]
	[1, 1, 1, 1, 1]
	[0, 2, 1, 0, 0]
	[0, 0, 0, 2, 0]
	[0, 0, 0, 0, 2]

(71)  6 ≥ 
	[2, 0, 0, 0, 0]
	[1, 1, 1, 1, 0]
	[1, 0, 0, 0, 1]
	[1, 0, 0, 0, 1]
	[0, 2, 0, 0, 0]
	[0, 0, 2, 0, 0]
	[0, 0, 0, 2, 0]

(72)  6 ≥ 
	[2, 0, 0, 0, 0]
	[2, 0, 0, 0, 0]
	[2, 0, 0, 0, 0]
	[1, 1, 1, 1, 0]
	[0, 2, 0, 0, 0]
	[0, 0, 2, 0, 0]
	[0, 0, 0, 2, 0]

(73)  8 ≥ 
	[2, 2, 0, 0, 0]
	[2, 0, 2, 0, 0]
	[1, 1, 1, 1, 1]
	[0, 2, 2, 0, 0]
	[0, 0, 0, 2, 0]
	[0, 0, 0, 2, 0]
	[0, 0, 0, 0, 2]

(74)  12 ≥ 
	[4, 0, 0, 0, 0]
	[4, 0, 0, 0, 0]
	[2, 2, 2, 1, 1]
	[1, 1, 1, 3, 0]
	[0, 4, 0, 0, 0]
	[0, 0, 4, 0, 0]
	[0, 0, 0, 1, 3]

(75)  14 ≥ 
	[4, 2, 0, 0, 0]
	[4, 0, 2, 0, 0]
	[3, 3, 0, 1, 1]
	[2, 2, 2, 2, 2]
	[0, 3, 3, 0, 0]
	[0, 0, 0, 4, 0]
	[0, 0, 0, 0, 4]

(76)  9 ≥ 
	[3, 0, 0, 0, 0]
	[3, 0, 0, 0, 0]
	[1, 1, 1, 1, 1]
	[0, 3, 0, 0, 0]
	[0, 0, 3, 0, 0]
	[0, 0, 0, 3, 0]
	[0, 0, 0, 0, 3]

(77)  7 ≥ 
	[2, 1, 0, 0, 0]
	[2, 0, 1, 0, 0]
	[1, 1, 1, 1, 1]
	[0, 2, 1, 0, 0]
	[0, 1, 2, 0, 0]
	[0, 0, 0, 2, 0]
	[0, 0, 0, 0, 2]

(78)  12 ≥ 
	[4, 0, 0, 0, 0]
	[2, 2, 2, 2, 0]
	[2, 2, 2, 2, 0]
	[1, 1, 1, 1, 2]
	[0, 4, 0, 0, 0]
	[0, 0, 4, 0, 0]
	[0, 0, 0, 4, 0]

(79)  6 ≥ 
	[2, 0, 0, 0, 0]
	[1, 1, 1, 1, 0]
	[1, 1, 1, 1, 0]
	[1, 1, 1, 1, 0]
	[0, 2, 0, 0, 0]
	[0, 0, 2, 0, 0]
	[0, 0, 0, 1, 1]

(80)  3 ≥ 
	[1, 0, 0, 0, 0]
	[1, 0, 0, 0, 0]
	[1, 0, 0, 0, 0]
	[1, 0, 0, 0, 0]
	[0, 1, 0, 0, 0]
	[0, 0, 1, 0, 0]
	[0, 0, 0, 1, 0]

(81)  7 ≥ 
	[2, 1, 0, 0, 0]
	[2, 1, 0, 0, 0]
	[2, 0, 1, 0, 0]
	[1, 1, 1, 1, 1]
	[0, 2, 1, 0, 0]
	[0, 0, 0, 2, 0]
	[0, 0, 0, 0, 2]

(82)  7 ≥ 
	[2, 1, 0, 0, 0]
	[2, 0, 1, 0, 0]
	[1, 1, 1, 1, 1]
	[1, 1, 1, 1, 1]
	[0, 2, 1, 0, 0]
	[0, 0, 0, 2, 0]
	[0, 0, 0, 0, 2]

(83)  12 ≥ 
	[4, 0, 0, 0, 0]
	[2, 2, 2, 1, 1]
	[2, 2, 2, 1, 1]
	[1, 1, 1, 3, 0]
	[0, 4, 0, 0, 0]
	[0, 0, 4, 0, 0]
	[0, 0, 0, 1, 3]

(84)  6 ≥ 
	[2, 0, 0, 0, 0]
	[2, 0, 0, 0, 0]
	[1, 1, 1, 1, 0]
	[1, 1, 1, 0, 1]
	[0, 2, 0, 0, 0]
	[0, 0, 2, 0, 0]
	[0, 0, 0, 1, 1]

(85)  14 ≥ 
	[4, 2, 0, 0, 0]
	[3, 3, 1, 1, 0]
	[3, 0, 0, 0, 3]
	[2, 2, 2, 2, 2]
	[0, 4, 0, 0, 2]
	[0, 0, 4, 0, 0]
	[0, 0, 0, 4, 0]

(86)  10 ≥ 
	[3, 1, 0, 0, 0]
	[2, 2, 0, 0, 0]
	[2, 0, 2, 1, 1]
	[1, 2, 1, 1, 1]
	[0, 1, 3, 0, 0]
	[0, 0, 0, 3, 0]
	[0, 0, 0, 0, 3]

(87)  14 ≥ 
	[4, 2, 0, 0, 0]
	[4, 2, 0, 0, 0]
	[3, 0, 3, 1, 1]
	[2, 2, 2, 2, 2]
	[0, 3, 3, 0, 0]
	[0, 0, 0, 4, 0]
	[0, 0, 0, 0, 4]

(88)  3 ≥ 
	[1, 0, 0, 0, 0]
	[1, 0, 0, 0, 0]
	[0, 1, 0, 0, 0]
	[0, 1, 0, 0, 0]
	[0, 0, 1, 0, 0]
	[0, 0, 1, 0, 0]
	[0, 0, 0, 1, 0]

(89)  24 ≥ 
	[6, 6, 0, 0, 0]
	[6, 0, 6, 0, 0]
	[4, 4, 4, 2, 2]
	[3, 3, 3, 3, 3]
	[0, 6, 6, 0, 0]
	[0, 0, 0, 6, 0]
	[0, 0, 0, 0, 6]

(90)  7 ≥ 
	[2, 1, 0, 0, 0]
	[2, 0, 1, 0, 0]
	[1, 2, 0, 0, 0]
	[1, 1, 1, 1, 1]
	[0, 1, 2, 0, 0]
	[0, 0, 0, 2, 0]
	[0, 0, 0, 0, 2]

