(1)  5 ≥ 
	[1, 1, 1, 0, 0, 0]
	[1, 0, 0, 1, 1, 0]
	[0, 1, 0, 1, 0, 1]
	[0, 0, 1, 0, 1, 1]

(2)  4 ≥ 
	[2, 0, 0, 0, 0, 0]
	[1, 1, 1, 0, 0, 0]
	[0, 2, 0, 0, 0, 0]
	[0, 0, 2, 0, 0, 0]

(3)  4 ≥ 
	[2, 0, 0, 0, 0, 0]
	[1, 1, 1, 0, 0, 0]
	[0, 2, 0, 0, 0, 0]
	[0, 0, 1, 1, 0, 0]

(4)  2 ≥ 
	[1, 0, 0, 0, 0, 0]
	[1, 0, 0, 0, 0, 0]
	[0, 1, 0, 0, 0, 0]
	[0, 0, 1, 0, 0, 0]

(5)  1 ≥ 
	[1, 0, 0, 0, 0, 0]
	[1, 0, 0, 0, 0, 0]
	[1, 0, 0, 0, 0, 0]
	[0, 0, 0, 0, 0, 0]

(6)  3 ≥ 
	[1, 1, 0, 0, 0, 0]
	[1, 0, 1, 0, 0, 0]
	[0, 1, 1, 0, 0, 0]
	[0, 0, 0, 1, 0, 0]

(7)  2 ≥ 
	[1, 0, 0, 0, 0, 0]
	[0, 1, 0, 0, 0, 0]
	[0, 0, 1, 0, 0, 0]
	[0, 0, 0, 1, 0, 0]

(8)  4 ≥ 
	[2, 0, 0, 0, 0, 0]
	[1, 1, 1, 0, 0, 0]
	[0, 1, 0, 1, 0, 0]
	[0, 0, 1, 0, 1, 0]

(9)  4 ≥ 
	[1, 1, 1, 0, 0, 0]
	[1, 0, 0, 1, 0, 0]
	[0, 1, 0, 0, 1, 0]
	[0, 0, 1, 0, 0, 1]

