(1)  4 ≥ 
	[2, 0, 0, 0, 0, 0]
	[2, 0, 0, 0, 0, 0]
	[2, 0, 0, 0, 0, 0]
	[1, 1, 1, 0, 0, 0]
	[0, 2, 0, 0, 0, 0]
	[0, 0, 2, 0, 0, 0]

(2)  6 ≥ 
	[3, 0, 0, 0, 0, 0]
	[2, 1, 1, 0, 0, 0]
	[2, 1, 0, 1, 0, 0]
	[2, 1, 0, 0, 1, 0]
	[0, 1, 0, 0, 0, 2]
	[0, 0, 1, 1, 1, 0]

(3)  8 ≥ 
	[4, 0, 0, 0, 0, 0]
	[3, 1, 1, 0, 0, 0]
	[3, 1, 0, 1, 0, 0]
	[2, 1, 1, 1, 1, 0]
	[0, 1, 0, 0, 3, 0]
	[0, 0, 1, 1, 0, 2]

(4)  5 ≥ 
	[2, 1, 0, 0, 0, 0]
	[2, 1, 0, 0, 0, 0]
	[2, 0, 1, 0, 0, 0]
	[1, 1, 1, 1, 0, 0]
	[0, 1, 1, 0, 1, 0]
	[0, 0, 0, 1, 0, 1]

(5)  5 ≥ 
	[2, 1, 0, 0, 0, 0]
	[2, 0, 1, 0, 0, 0]
	[1, 1, 1, 1, 0, 0]
	[1, 1, 1, 1, 0, 0]
	[0, 1, 1, 0, 1, 0]
	[0, 0, 0, 1, 0, 1]

(6)  3 ≥ 
	[1, 1, 0, 0, 0, 0]
	[1, 1, 0, 0, 0, 0]
	[1, 1, 0, 0, 0, 0]
	[1, 0, 1, 0, 0, 0]
	[0, 1, 1, 0, 0, 0]
	[0, 0, 0, 1, 0, 0]

(7)  4 ≥ 
	[2, 0, 0, 0, 0, 0]
	[2, 0, 0, 0, 0, 0]
	[2, 0, 0, 0, 0, 0]
	[1, 1, 1, 0, 0, 0]
	[0, 1, 0, 1, 0, 0]
	[0, 0, 1, 0, 1, 0]

(8)  5 ≥ 
	[2, 1, 0, 0, 0, 0]
	[2, 0, 1, 0, 0, 0]
	[1, 1, 1, 1, 0, 0]
	[1, 1, 1, 0, 1, 0]
	[0, 1, 1, 0, 0, 1]
	[0, 0, 0, 1, 1, 0]

(9)  2 ≥ 
	[1, 0, 0, 0, 0, 0]
	[1, 0, 0, 0, 0, 0]
	[1, 0, 0, 0, 0, 0]
	[1, 0, 0, 0, 0, 0]
	[0, 1, 0, 0, 0, 0]
	[0, 0, 1, 0, 0, 0]

(10)  2 ≥ 
	[1, 0, 0, 0, 0, 0]
	[1, 0, 0, 0, 0, 0]
	[1, 0, 0, 0, 0, 0]
	[0, 1, 0, 0, 0, 0]
	[0, 0, 1, 0, 0, 0]
	[0, 0, 0, 1, 0, 0]

(11)  6 ≥ 
	[2, 1, 1, 0, 0, 0]
	[2, 1, 0, 1, 0, 0]
	[2, 0, 1, 1, 0, 0]
	[1, 1, 1, 1, 1, 0]
	[0, 1, 1, 1, 0, 1]
	[0, 0, 0, 0, 2, 0]

(12)  7 ≥ 
	[3, 1, 0, 0, 0, 0]
	[3, 0, 1, 0, 0, 0]
	[3, 0, 0, 1, 0, 0]
	[2, 1, 1, 0, 1, 0]
	[0, 1, 1, 1, 0, 1]
	[0, 0, 0, 0, 3, 0]

(13)  1 ≥ 
	[1, 0, 0, 0, 0, 0]
	[1, 0, 0, 0, 0, 0]
	[1, 0, 0, 0, 0, 0]
	[1, 0, 0, 0, 0, 0]
	[1, 0, 0, 0, 0, 0]
	[0, 0, 0, 0, 0, 0]

(14)  5 ≥ 
	[2, 1, 0, 0, 0, 0]
	[2, 1, 0, 0, 0, 0]
	[2, 0, 1, 0, 0, 0]
	[2, 0, 0, 1, 0, 0]
	[0, 1, 1, 1, 0, 0]
	[0, 0, 0, 0, 2, 0]

(15)  7 ≥ 
	[3, 1, 0, 0, 0, 0]
	[3, 0, 1, 0, 0, 0]
	[3, 0, 0, 1, 0, 0]
	[2, 0, 1, 1, 1, 0]
	[0, 2, 1, 1, 0, 0]
	[0, 0, 0, 0, 1, 2]

(16)  7 ≥ 
	[3, 1, 0, 0, 0, 0]
	[3, 0, 1, 0, 0, 0]
	[3, 0, 0, 1, 0, 0]
	[3, 0, 0, 0, 1, 0]
	[0, 1, 1, 1, 1, 0]
	[0, 0, 0, 0, 0, 3]

(17)  6 ≥ 
	[2, 1, 1, 0, 0, 0]
	[2, 1, 0, 1, 0, 0]
	[2, 1, 0, 0, 1, 0]
	[2, 0, 1, 1, 0, 0]
	[0, 1, 1, 1, 1, 0]
	[0, 0, 0, 0, 0, 2]

(18)  4 ≥ 
	[2, 0, 0, 0, 0, 0]
	[1, 1, 1, 0, 0, 0]
	[1, 1, 1, 0, 0, 0]
	[1, 1, 0, 1, 0, 0]
	[0, 1, 0, 0, 1, 0]
	[0, 0, 1, 1, 0, 0]

(19)  4 ≥ 
	[1, 1, 1, 0, 0, 0]
	[1, 1, 1, 0, 0, 0]
	[1, 1, 0, 1, 0, 0]
	[1, 0, 1, 1, 0, 0]
	[0, 1, 1, 1, 0, 0]
	[0, 0, 0, 0, 1, 0]

(20)  6 ≥ 
	[3, 0, 0, 0, 0, 0]
	[2, 1, 1, 0, 0, 0]
	[2, 1, 0, 1, 0, 0]
	[2, 0, 0, 1, 1, 0]
	[0, 1, 0, 0, 2, 0]
	[0, 0, 2, 1, 0, 0]

(21)  5 ≥ 
	[2, 1, 0, 0, 0, 0]
	[2, 1, 0, 0, 0, 0]
	[2, 0, 1, 0, 0, 0]
	[1, 1, 1, 1, 0, 0]
	[0, 1, 1, 0, 1, 0]
	[0, 0, 0, 2, 0, 0]

(22)  7 ≥ 
	[3, 1, 0, 0, 0, 0]
	[3, 0, 1, 0, 0, 0]
	[2, 1, 1, 1, 0, 0]
	[2, 0, 0, 1, 2, 0]
	[0, 1, 1, 0, 2, 0]
	[0, 0, 0, 1, 0, 2]

(23)  5 ≥ 
	[2, 1, 0, 0, 0, 0]
	[2, 0, 1, 0, 0, 0]
	[1, 1, 1, 1, 0, 0]
	[1, 1, 1, 1, 0, 0]
	[0, 1, 1, 0, 1, 0]
	[0, 0, 0, 2, 0, 0]

(24)  6 ≥ 
	[3, 0, 0, 0, 0, 0]
	[2, 1, 1, 0, 0, 0]
	[2, 1, 0, 1, 0, 0]
	[2, 0, 0, 1, 1, 0]
	[0, 1, 0, 0, 1, 1]
	[0, 0, 2, 1, 0, 0]

(25)  4 ≥ 
	[2, 0, 0, 0, 0, 0]
	[2, 0, 0, 0, 0, 0]
	[2, 0, 0, 0, 0, 0]
	[1, 1, 1, 0, 0, 0]
	[0, 2, 0, 0, 0, 0]
	[0, 0, 1, 1, 0, 0]

(26)  4 ≥ 
	[2, 0, 0, 0, 0, 0]
	[2, 0, 0, 0, 0, 0]
	[1, 1, 1, 0, 0, 0]
	[1, 1, 1, 0, 0, 0]
	[0, 2, 0, 0, 0, 0]
	[0, 0, 1, 1, 0, 0]

(27)  8 ≥ 
	[4, 0, 0, 0, 0, 0]
	[3, 1, 1, 0, 0, 0]
	[3, 1, 0, 1, 0, 0]
	[2, 0, 1, 1, 2, 0]
	[0, 1, 0, 0, 3, 0]
	[0, 0, 1, 1, 0, 2]

(28)  3 ≥ 
	[1, 1, 0, 0, 0, 0]
	[1, 1, 0, 0, 0, 0]
	[1, 0, 1, 0, 0, 0]
	[1, 0, 1, 0, 0, 0]
	[0, 1, 1, 0, 0, 0]
	[0, 0, 0, 1, 0, 0]

(29)  9 ≥ 
	[4, 1, 0, 0, 0, 0]
	[4, 0, 1, 0, 0, 0]
	[4, 0, 0, 1, 0, 0]
	[2, 1, 1, 1, 2, 0]
	[0, 1, 1, 1, 0, 2]
	[0, 0, 0, 0, 4, 0]

(30)  4 ≥ 
	[2, 0, 0, 0, 0, 0]
	[1, 1, 1, 0, 0, 0]
	[1, 1, 1, 0, 0, 0]
	[1, 1, 1, 0, 0, 0]
	[0, 1, 0, 1, 0, 0]
	[0, 0, 1, 0, 1, 0]

(31)  4 ≥ 
	[2, 0, 0, 0, 0, 0]
	[2, 0, 0, 0, 0, 0]
	[1, 1, 1, 0, 0, 0]
	[1, 1, 1, 0, 0, 0]
	[0, 1, 0, 1, 0, 0]
	[0, 0, 1, 0, 1, 0]

(32)  4 ≥ 
	[2, 0, 0, 0, 0, 0]
	[2, 0, 0, 0, 0, 0]
	[1, 1, 1, 0, 0, 0]
	[1, 1, 0, 1, 0, 0]
	[0, 1, 0, 0, 1, 0]
	[0, 0, 1, 1, 0, 0]

(33)  8 ≥ 
	[3, 2, 0, 0, 0, 0]
	[3, 0, 1, 1, 0, 0]
	[3, 0, 1, 0, 1, 0]
	[3, 0, 0, 1, 1, 0]
	[0, 2, 1, 1, 1, 0]
	[0, 0, 0, 0, 0, 3]

(34)  4 ≥ 
	[2, 0, 0, 0, 0, 0]
	[1, 1, 1, 0, 0, 0]
	[1, 1, 1, 0, 0, 0]
	[1, 1, 1, 0, 0, 0]
	[0, 2, 0, 0, 0, 0]
	[0, 0, 1, 1, 0, 0]

(35)  7 ≥ 
	[3, 1, 0, 0, 0, 0]
	[3, 0, 1, 0, 0, 0]
	[2, 1, 1, 1, 0, 0]
	[2, 1, 0, 1, 1, 0]
	[0, 1, 1, 0, 2, 0]
	[0, 0, 0, 1, 0, 2]

(36)  7 ≥ 
	[3, 1, 0, 0, 0, 0]
	[3, 0, 1, 0, 0, 0]
	[3, 0, 0, 1, 0, 0]
	[2, 0, 1, 1, 1, 0]
	[0, 2, 1, 1, 0, 0]
	[0, 0, 0, 0, 3, 0]

