(1)  8 ≥ 
	[4, 0, 0, 0, 0, 0]
	[2, 2, 1, 1, 0, 0]
	[1, 1, 1, 0, 2, 0]
	[0, 4, 0, 0, 0, 0]
	[0, 0, 3, 1, 0, 0]

(2)  7 ≥ 
	[3, 0, 0, 0, 0, 0]
	[1, 2, 2, 0, 0, 0]
	[1, 1, 1, 1, 1, 0]
	[0, 2, 0, 1, 0, 1]
	[0, 0, 2, 0, 1, 1]

(3)  4 ≥ 
	[2, 0, 0, 0, 0, 0]
	[1, 1, 1, 0, 0, 0]
	[0, 2, 0, 0, 0, 0]
	[0, 0, 1, 1, 0, 0]
	[0, 0, 1, 0, 1, 0]

(4)  7 ≥ 
	[3, 1, 0, 0, 0, 0]
	[1, 1, 1, 1, 1, 0]
	[1, 0, 2, 0, 0, 1]
	[0, 2, 0, 1, 0, 1]
	[0, 0, 0, 0, 3, 0]

(5)  7 ≥ 
	[3, 1, 0, 0, 0, 0]
	[2, 0, 1, 1, 1, 0]
	[1, 1, 2, 1, 0, 0]
	[0, 2, 1, 0, 1, 0]
	[0, 0, 0, 3, 0, 0]

(6)  10 ≥ 
	[4, 0, 0, 0, 0, 0]
	[2, 2, 2, 2, 0, 0]
	[1, 3, 2, 0, 1, 0]
	[0, 3, 0, 3, 0, 0]
	[0, 0, 2, 2, 1, 1]

(7)  8 ≥ 
	[3, 1, 1, 0, 0, 0]
	[2, 1, 0, 2, 1, 0]
	[2, 0, 1, 1, 1, 1]
	[0, 2, 0, 0, 1, 1]
	[0, 0, 1, 3, 0, 0]

(8)  9 ≥ 
	[3, 2, 1, 0, 0, 0]
	[3, 0, 0, 1, 1, 1]
	[2, 1, 1, 2, 1, 0]
	[0, 2, 0, 2, 0, 1]
	[0, 0, 1, 0, 3, 0]

(9)  8 ≥ 
	[2, 2, 1, 0, 0, 0]
	[2, 0, 0, 2, 1, 0]
	[1, 0, 2, 0, 1, 1]
	[0, 2, 0, 1, 1, 1]
	[0, 1, 2, 2, 0, 0]

(10)  12 ≥ 
	[4, 2, 2, 0, 0, 0]
	[4, 0, 0, 2, 2, 0]
	[3, 3, 0, 2, 0, 1]
	[0, 4, 0, 0, 2, 0]
	[0, 0, 3, 2, 0, 1]

(11)  15 ≥ 
	[5, 3, 2, 0, 0, 0]
	[5, 0, 0, 3, 2, 0]
	[4, 2, 0, 0, 3, 2]
	[0, 3, 0, 3, 0, 2]
	[0, 0, 4, 0, 3, 0]

(12)  4 ≥ 
	[2, 0, 0, 0, 0, 0]
	[1, 1, 1, 0, 0, 0]
	[1, 1, 1, 0, 0, 0]
	[0, 2, 0, 0, 0, 0]
	[0, 0, 1, 1, 0, 0]

(13)  7 ≥ 
	[2, 1, 1, 0, 0, 0]
	[1, 1, 1, 1, 1, 1]
	[1, 0, 0, 2, 1, 0]
	[0, 2, 0, 1, 0, 1]
	[0, 0, 2, 0, 1, 1]

(14)  11 ≥ 
	[3, 3, 1, 0, 0, 0]
	[3, 0, 0, 3, 1, 0]
	[2, 2, 1, 2, 1, 1]
	[0, 3, 0, 3, 0, 1]
	[0, 0, 3, 0, 1, 1]

(15)  10 ≥ 
	[4, 0, 0, 0, 0, 0]
	[1, 3, 2, 1, 0, 0]
	[0, 3, 0, 0, 2, 1]
	[0, 1, 2, 0, 0, 3]
	[0, 0, 2, 1, 3, 0]

(16)  10 ≥ 
	[3, 2, 2, 0, 0, 0]
	[3, 0, 0, 2, 1, 0]
	[2, 2, 0, 1, 0, 2]
	[0, 3, 1, 2, 0, 0]
	[0, 0, 2, 0, 1, 2]

(17)  9 ≥ 
	[3, 2, 1, 0, 0, 0]
	[3, 0, 0, 2, 1, 0]
	[2, 1, 2, 2, 0, 0]
	[0, 3, 0, 2, 0, 0]
	[0, 0, 2, 0, 1, 1]

(18)  7 ≥ 
	[3, 0, 0, 0, 0, 0]
	[1, 2, 1, 1, 0, 0]
	[1, 1, 1, 0, 1, 1]
	[0, 1, 0, 1, 2, 0]
	[0, 0, 1, 2, 0, 1]

(19)  8 ≥ 
	[4, 0, 0, 0, 0, 0]
	[2, 1, 1, 1, 1, 0]
	[1, 1, 1, 0, 0, 2]
	[0, 1, 0, 3, 0, 0]
	[0, 0, 1, 0, 3, 0]

(20)  10 ≥ 
	[4, 2, 0, 0, 0, 0]
	[3, 0, 2, 1, 1, 0]
	[2, 2, 2, 2, 0, 0]
	[0, 2, 2, 0, 2, 0]
	[0, 0, 0, 2, 0, 2]

(21)  5 ≥ 
	[2, 1, 0, 0, 0, 0]
	[1, 0, 1, 1, 0, 0]
	[1, 0, 1, 0, 1, 0]
	[0, 1, 0, 1, 1, 0]
	[0, 0, 0, 0, 0, 2]

(22)  6 ≥ 
	[2, 1, 1, 0, 0, 0]
	[2, 0, 0, 1, 1, 0]
	[1, 1, 0, 1, 0, 1]
	[0, 1, 0, 2, 0, 0]
	[0, 0, 1, 0, 1, 1]

(23)  7 ≥ 
	[3, 1, 0, 0, 0, 0]
	[2, 0, 1, 1, 1, 0]
	[1, 2, 1, 1, 0, 0]
	[0, 1, 2, 0, 1, 0]
	[0, 0, 0, 1, 0, 2]

(24)  4 ≥ 
	[2, 0, 0, 0, 0, 0]
	[1, 1, 1, 0, 0, 0]
	[0, 1, 0, 1, 0, 0]
	[0, 1, 0, 1, 0, 0]
	[0, 0, 1, 0, 1, 0]

(25)  10 ≥ 
	[4, 2, 0, 0, 0, 0]
	[3, 0, 2, 1, 1, 0]
	[2, 0, 0, 4, 0, 0]
	[0, 2, 2, 2, 0, 0]
	[0, 0, 0, 0, 1, 3]

(26)  6 ≥ 
	[3, 0, 0, 0, 0, 0]
	[1, 1, 1, 1, 0, 0]
	[0, 3, 0, 0, 0, 0]
	[0, 0, 1, 0, 2, 0]
	[0, 0, 0, 1, 0, 2]

(27)  6 ≥ 
	[2, 1, 1, 0, 0, 0]
	[2, 0, 0, 1, 1, 0]
	[1, 2, 0, 1, 0, 0]
	[0, 2, 0, 0, 1, 0]
	[0, 0, 2, 1, 0, 0]

(28)  8 ≥ 
	[3, 1, 1, 0, 0, 0]
	[1, 2, 1, 1, 1, 0]
	[1, 0, 0, 3, 0, 0]
	[0, 2, 0, 0, 0, 2]
	[0, 0, 3, 0, 1, 0]

(29)  10 ≥ 
	[4, 2, 0, 0, 0, 0]
	[3, 0, 2, 1, 1, 0]
	[2, 0, 0, 3, 0, 1]
	[0, 2, 2, 1, 0, 1]
	[0, 0, 0, 0, 4, 0]

(30)  1 ≥ 
	[1, 0, 0, 0, 0, 0]
	[1, 0, 0, 0, 0, 0]
	[1, 0, 0, 0, 0, 0]
	[1, 0, 0, 0, 0, 0]
	[0, 0, 0, 0, 0, 0]

(31)  8 ≥ 
	[3, 0, 0, 0, 0, 0]
	[0, 2, 2, 1, 0, 0]
	[0, 2, 0, 0, 2, 1]
	[0, 1, 0, 2, 0, 2]
	[0, 0, 2, 0, 1, 2]

(32)  10 ≥ 
	[4, 2, 0, 0, 0, 0]
	[3, 0, 2, 1, 1, 0]
	[2, 2, 2, 1, 0, 1]
	[0, 3, 2, 0, 1, 0]
	[0, 0, 0, 3, 0, 1]

(33)  4 ≥ 
	[2, 0, 0, 0, 0, 0]
	[1, 1, 1, 0, 0, 0]
	[0, 1, 0, 1, 0, 0]
	[0, 1, 0, 0, 1, 0]
	[0, 0, 1, 0, 0, 1]

(34)  12 ≥ 
	[4, 2, 2, 0, 0, 0]
	[4, 0, 0, 2, 2, 0]
	[3, 3, 0, 3, 0, 0]
	[0, 4, 0, 0, 2, 0]
	[0, 0, 2, 4, 0, 0]

(35)  7 ≥ 
	[3, 1, 0, 0, 0, 0]
	[2, 0, 1, 1, 1, 0]
	[1, 0, 3, 0, 0, 0]
	[0, 2, 1, 1, 0, 0]
	[0, 0, 0, 0, 1, 2]

(36)  10 ≥ 
	[4, 0, 0, 0, 0, 0]
	[1, 3, 3, 0, 0, 0]
	[0, 3, 0, 3, 0, 0]
	[0, 2, 1, 0, 2, 1]
	[0, 0, 3, 2, 0, 1]

(37)  8 ≥ 
	[4, 0, 0, 0, 0, 0]
	[2, 2, 1, 1, 0, 0]
	[1, 1, 1, 0, 2, 0]
	[0, 4, 0, 0, 0, 0]
	[0, 0, 1, 3, 0, 0]

(38)  8 ≥ 
	[3, 1, 1, 0, 0, 0]
	[2, 2, 0, 1, 1, 0]
	[2, 0, 0, 2, 0, 1]
	[0, 2, 1, 1, 0, 1]
	[0, 0, 0, 0, 3, 0]

(39)  4 ≥ 
	[2, 0, 0, 0, 0, 0]
	[1, 1, 1, 0, 0, 0]
	[1, 1, 1, 0, 0, 0]
	[0, 2, 0, 0, 0, 0]
	[0, 0, 2, 0, 0, 0]

(40)  10 ≥ 
	[3, 3, 0, 0, 0, 0]
	[3, 0, 2, 1, 1, 0]
	[2, 2, 2, 1, 0, 1]
	[0, 2, 3, 0, 1, 0]
	[0, 0, 0, 1, 0, 3]

(41)  7 ≥ 
	[2, 2, 1, 0, 0, 0]
	[2, 0, 0, 2, 0, 0]
	[2, 0, 0, 0, 2, 0]
	[0, 2, 0, 1, 1, 0]
	[0, 0, 1, 0, 0, 2]

(42)  10 ≥ 
	[4, 1, 1, 0, 0, 0]
	[2, 3, 0, 1, 1, 0]
	[2, 0, 0, 2, 0, 2]
	[0, 3, 1, 0, 0, 2]
	[0, 0, 0, 0, 4, 0]

(43)  5 ≥ 
	[2, 1, 0, 0, 0, 0]
	[1, 0, 1, 1, 0, 0]
	[0, 1, 2, 0, 0, 0]
	[0, 1, 0, 1, 1, 0]
	[0, 0, 0, 0, 0, 2]

(44)  12 ≥ 
	[4, 2, 2, 0, 0, 0]
	[4, 0, 0, 2, 2, 0]
	[3, 2, 0, 1, 1, 2]
	[0, 4, 0, 2, 0, 0]
	[0, 0, 2, 0, 2, 2]

(45)  15 ≥ 
	[5, 3, 2, 0, 0, 0]
	[5, 0, 0, 2, 2, 1]
	[4, 0, 3, 4, 0, 0]
	[0, 3, 0, 4, 0, 1]
	[0, 0, 5, 0, 2, 0]

(46)  9 ≥ 
	[3, 2, 1, 0, 0, 0]
	[3, 0, 0, 1, 1, 1]
	[2, 2, 0, 2, 1, 0]
	[0, 2, 0, 0, 2, 1]
	[0, 0, 2, 2, 0, 0]

(47)  10 ≥ 
	[3, 3, 1, 0, 0, 0]
	[3, 0, 0, 3, 0, 0]
	[2, 2, 1, 2, 1, 0]
	[0, 3, 0, 2, 0, 1]
	[0, 0, 3, 0, 1, 0]

(48)  9 ≥ 
	[3, 2, 1, 0, 0, 0]
	[3, 0, 0, 2, 1, 0]
	[2, 1, 0, 0, 2, 1]
	[0, 2, 0, 2, 0, 1]
	[0, 0, 3, 0, 1, 0]

(49)  7 ≥ 
	[2, 2, 1, 0, 0, 0]
	[2, 1, 0, 1, 1, 0]
	[2, 0, 1, 1, 0, 1]
	[0, 2, 0, 1, 0, 1]
	[0, 0, 1, 0, 2, 0]

(50)  12 ≥ 
	[4, 2, 0, 0, 0, 0]
	[3, 0, 3, 3, 0, 0]
	[2, 0, 3, 0, 2, 1]
	[0, 2, 3, 2, 0, 1]
	[0, 0, 0, 4, 2, 0]

(51)  10 ≥ 
	[4, 0, 0, 0, 0, 0]
	[2, 2, 2, 2, 0, 0]
	[1, 3, 2, 0, 1, 0]
	[0, 3, 0, 2, 0, 1]
	[0, 0, 2, 3, 1, 0]

(52)  5 ≥ 
	[2, 1, 0, 0, 0, 0]
	[1, 0, 1, 1, 0, 0]
	[1, 0, 0, 0, 1, 1]
	[0, 1, 1, 0, 1, 0]
	[0, 1, 0, 1, 0, 1]

(53)  7 ≥ 
	[3, 1, 0, 0, 0, 0]
	[1, 2, 1, 1, 0, 0]
	[1, 0, 1, 0, 2, 0]
	[0, 2, 0, 0, 1, 1]
	[0, 0, 0, 3, 0, 0]

(54)  6 ≥ 
	[3, 0, 0, 0, 0, 0]
	[2, 1, 1, 0, 0, 0]
	[2, 0, 0, 1, 1, 0]
	[0, 2, 0, 1, 0, 0]
	[0, 0, 1, 0, 2, 0]

(55)  8 ≥ 
	[4, 0, 0, 0, 0, 0]
	[2, 2, 1, 1, 0, 0]
	[1, 1, 1, 0, 2, 0]
	[0, 4, 0, 0, 0, 0]
	[0, 0, 1, 1, 0, 2]

(56)  6 ≥ 
	[2, 1, 1, 0, 0, 0]
	[1, 1, 0, 1, 1, 0]
	[1, 0, 0, 0, 0, 2]
	[0, 1, 1, 1, 0, 1]
	[0, 0, 2, 0, 1, 0]

(57)  6 ≥ 
	[2, 1, 1, 0, 0, 0]
	[2, 1, 0, 1, 0, 0]
	[2, 0, 0, 0, 1, 1]
	[0, 2, 0, 0, 1, 0]
	[0, 0, 1, 1, 0, 1]

(58)  7 ≥ 
	[2, 2, 1, 0, 0, 0]
	[2, 1, 0, 1, 1, 0]
	[2, 0, 0, 0, 0, 2]
	[0, 2, 0, 1, 0, 1]
	[0, 0, 1, 0, 2, 0]

(59)  6 ≥ 
	[3, 0, 0, 0, 0, 0]
	[1, 1, 1, 1, 0, 0]
	[1, 1, 0, 0, 1, 1]
	[0, 0, 2, 0, 1, 0]
	[0, 0, 0, 2, 0, 1]

(60)  6 ≥ 
	[2, 2, 0, 0, 0, 0]
	[2, 0, 2, 0, 0, 0]
	[1, 1, 1, 1, 0, 0]
	[0, 2, 2, 0, 0, 0]
	[0, 0, 0, 0, 2, 0]

(61)  5 ≥ 
	[2, 1, 0, 0, 0, 0]
	[1, 1, 1, 1, 0, 0]
	[1, 0, 1, 0, 1, 0]
	[0, 1, 2, 0, 0, 0]
	[0, 0, 0, 2, 0, 0]

(62)  12 ≥ 
	[4, 2, 2, 0, 0, 0]
	[4, 0, 0, 2, 2, 0]
	[3, 3, 0, 3, 0, 0]
	[0, 4, 0, 0, 2, 0]
	[0, 0, 3, 3, 0, 0]

(63)  10 ≥ 
	[3, 2, 2, 0, 0, 0]
	[3, 0, 0, 2, 1, 0]
	[2, 2, 0, 1, 0, 2]
	[0, 2, 1, 3, 0, 0]
	[0, 0, 2, 0, 1, 2]

(64)  10 ≥ 
	[4, 2, 0, 0, 0, 0]
	[3, 0, 2, 1, 1, 0]
	[2, 2, 2, 2, 0, 0]
	[0, 2, 2, 0, 2, 0]
	[0, 0, 0, 4, 0, 0]

(65)  7 ≥ 
	[3, 0, 0, 0, 0, 0]
	[1, 2, 1, 1, 0, 0]
	[1, 1, 1, 0, 1, 1]
	[0, 2, 0, 0, 2, 0]
	[0, 0, 2, 1, 1, 0]

(66)  6 ≥ 
	[2, 1, 1, 0, 0, 0]
	[2, 0, 0, 1, 1, 0]
	[1, 1, 0, 2, 0, 0]
	[0, 2, 0, 0, 1, 0]
	[0, 0, 2, 1, 0, 0]

(67)  7 ≥ 
	[3, 1, 0, 0, 0, 0]
	[2, 0, 1, 1, 1, 0]
	[1, 0, 3, 0, 0, 0]
	[0, 1, 1, 2, 0, 0]
	[0, 0, 0, 0, 3, 0]

(68)  10 ≥ 
	[4, 2, 0, 0, 0, 0]
	[2, 1, 2, 1, 1, 0]
	[2, 0, 0, 1, 0, 3]
	[0, 2, 2, 0, 0, 2]
	[0, 0, 0, 0, 4, 0]

(69)  4 ≥ 
	[2, 0, 0, 0, 0, 0]
	[1, 1, 1, 0, 0, 0]
	[1, 1, 1, 0, 0, 0]
	[0, 1, 0, 1, 0, 0]
	[0, 0, 1, 0, 1, 0]

(70)  10 ≥ 
	[4, 2, 0, 0, 0, 0]
	[3, 0, 3, 1, 0, 0]
	[2, 2, 2, 1, 1, 0]
	[0, 2, 3, 0, 0, 1]
	[0, 0, 0, 3, 1, 0]

(71)  7 ≥ 
	[3, 0, 0, 0, 0, 0]
	[1, 2, 1, 1, 0, 0]
	[1, 1, 2, 0, 1, 0]
	[0, 2, 0, 0, 1, 1]
	[0, 0, 1, 2, 1, 0]

(72)  8 ≥ 
	[3, 1, 0, 0, 0, 0]
	[2, 0, 2, 1, 1, 0]
	[1, 1, 2, 2, 0, 0]
	[0, 1, 2, 0, 1, 1]
	[0, 0, 0, 2, 2, 0]

(73)  7 ≥ 
	[3, 1, 0, 0, 0, 0]
	[2, 0, 1, 1, 1, 0]
	[1, 1, 2, 1, 0, 0]
	[0, 2, 1, 0, 1, 0]
	[0, 0, 0, 1, 0, 2]

(74)  7 ≥ 
	[3, 0, 0, 0, 0, 0]
	[1, 2, 1, 1, 0, 0]
	[1, 1, 1, 0, 1, 1]
	[0, 1, 0, 2, 1, 0]
	[0, 0, 1, 1, 0, 2]

(75)  12 ≥ 
	[4, 2, 2, 0, 0, 0]
	[4, 0, 0, 2, 1, 1]
	[3, 2, 0, 1, 3, 0]
	[0, 4, 0, 2, 0, 0]
	[0, 0, 2, 0, 3, 1]

(76)  8 ≥ 
	[2, 2, 1, 1, 0, 0]
	[2, 1, 1, 0, 1, 1]
	[2, 0, 0, 2, 1, 0]
	[0, 2, 0, 0, 2, 0]
	[0, 0, 1, 1, 0, 2]

(77)  10 ≥ 
	[4, 0, 0, 0, 0, 0]
	[2, 2, 2, 2, 0, 0]
	[1, 3, 3, 0, 0, 0]
	[0, 3, 0, 3, 0, 0]
	[0, 0, 3, 2, 1, 0]

(78)  7 ≥ 
	[3, 1, 0, 0, 0, 0]
	[2, 0, 2, 1, 0, 0]
	[1, 1, 1, 1, 1, 0]
	[0, 2, 2, 0, 0, 0]
	[0, 0, 0, 1, 0, 2]

(79)  8 ≥ 
	[4, 0, 0, 0, 0, 0]
	[2, 2, 1, 1, 0, 0]
	[1, 1, 1, 0, 2, 0]
	[0, 2, 0, 0, 0, 2]
	[0, 0, 3, 1, 0, 0]

(80)  8 ≥ 
	[2, 2, 1, 1, 0, 0]
	[2, 0, 2, 0, 1, 0]
	[2, 0, 0, 2, 0, 1]
	[0, 2, 0, 0, 1, 1]
	[0, 1, 2, 2, 0, 0]

(81)  10 ≥ 
	[4, 2, 0, 0, 0, 0]
	[3, 0, 2, 1, 1, 0]
	[2, 2, 2, 1, 0, 1]
	[0, 2, 2, 0, 2, 0]
	[0, 0, 0, 3, 0, 1]

(82)  10 ≥ 
	[3, 3, 1, 0, 0, 0]
	[3, 0, 0, 3, 0, 0]
	[2, 2, 1, 2, 1, 0]
	[0, 3, 0, 2, 0, 1]
	[0, 0, 1, 0, 3, 0]

(83)  15 ≥ 
	[5, 3, 2, 0, 0, 0]
	[5, 0, 0, 2, 2, 1]
	[4, 0, 3, 4, 0, 0]
	[0, 3, 0, 4, 0, 1]
	[0, 0, 3, 0, 4, 0]

(84)  9 ≥ 
	[3, 2, 1, 0, 0, 0]
	[3, 0, 0, 2, 1, 0]
	[2, 1, 0, 0, 1, 2]
	[0, 2, 0, 2, 0, 1]
	[0, 0, 1, 0, 3, 0]

(85)  5 ≥ 
	[2, 0, 0, 0, 0, 0]
	[1, 1, 1, 1, 0, 0]
	[0, 1, 1, 0, 1, 0]
	[0, 1, 0, 1, 1, 0]
	[0, 0, 1, 1, 0, 1]

(86)  8 ≥ 
	[3, 2, 0, 0, 0, 0]
	[2, 0, 1, 1, 1, 0]
	[1, 2, 1, 1, 0, 1]
	[0, 3, 1, 0, 1, 0]
	[0, 0, 0, 0, 0, 3]

(87)  7 ≥ 
	[2, 2, 0, 0, 0, 0]
	[2, 0, 1, 1, 1, 0]
	[1, 1, 2, 1, 0, 0]
	[0, 1, 0, 2, 1, 0]
	[0, 0, 1, 0, 0, 2]

(88)  7 ≥ 
	[3, 1, 0, 0, 0, 0]
	[1, 2, 1, 1, 0, 0]
	[1, 0, 1, 0, 2, 0]
	[0, 2, 0, 0, 2, 0]
	[0, 0, 0, 1, 0, 2]

(89)  8 ≥ 
	[3, 2, 0, 0, 0, 0]
	[2, 0, 2, 1, 0, 0]
	[1, 2, 2, 0, 1, 0]
	[0, 3, 1, 1, 0, 0]
	[0, 0, 0, 0, 1, 2]

(90)  8 ≥ 
	[3, 2, 0, 0, 0, 0]
	[2, 0, 2, 1, 0, 0]
	[1, 0, 0, 0, 2, 1]
	[0, 2, 2, 0, 0, 1]
	[0, 1, 0, 3, 0, 0]

(91)  7 ≥ 
	[3, 1, 0, 0, 0, 0]
	[2, 0, 1, 1, 1, 0]
	[1, 2, 1, 1, 0, 0]
	[0, 1, 1, 0, 2, 0]
	[0, 0, 0, 1, 0, 2]

(92)  9 ≥ 
	[3, 2, 1, 0, 0, 0]
	[3, 0, 0, 1, 1, 1]
	[2, 1, 1, 2, 1, 0]
	[0, 2, 0, 2, 0, 1]
	[0, 0, 3, 0, 1, 0]

(93)  10 ≥ 
	[4, 0, 0, 0, 0, 0]
	[2, 2, 2, 2, 0, 0]
	[1, 3, 2, 0, 1, 0]
	[0, 3, 0, 3, 0, 0]
	[0, 0, 3, 2, 1, 0]

(94)  8 ≥ 
	[2, 2, 1, 1, 0, 0]
	[2, 1, 2, 0, 1, 0]
	[2, 0, 0, 1, 1, 1]
	[0, 2, 0, 0, 2, 0]
	[0, 0, 2, 2, 0, 0]

(95)  8 ≥ 
	[3, 2, 0, 0, 0, 0]
	[2, 1, 1, 1, 1, 0]
	[2, 0, 1, 0, 0, 2]
	[0, 2, 1, 1, 0, 1]
	[0, 0, 0, 0, 3, 0]

(96)  7 ≥ 
	[3, 0, 0, 0, 0, 0]
	[1, 2, 1, 1, 0, 0]
	[1, 1, 2, 0, 1, 0]
	[0, 2, 0, 0, 2, 0]
	[0, 0, 1, 1, 1, 1]

(97)  9 ≥ 
	[3, 2, 1, 0, 0, 0]
	[3, 0, 0, 1, 1, 1]
	[2, 2, 0, 2, 1, 0]
	[0, 3, 0, 0, 1, 1]
	[0, 0, 2, 2, 0, 0]

(98)  12 ≥ 
	[5, 2, 0, 0, 0, 0]
	[3, 0, 3, 1, 1, 0]
	[2, 0, 0, 3, 0, 2]
	[0, 2, 3, 0, 0, 2]
	[0, 0, 0, 0, 5, 0]

(99)  9 ≥ 
	[3, 2, 0, 0, 0, 0]
	[2, 1, 2, 2, 0, 0]
	[2, 0, 2, 0, 1, 1]
	[0, 2, 2, 1, 1, 0]
	[0, 0, 0, 2, 0, 2]

(100)  8 ≥ 
	[2, 2, 1, 1, 0, 0]
	[2, 1, 2, 0, 1, 0]
	[2, 0, 0, 2, 1, 0]
	[0, 2, 0, 0, 2, 0]
	[0, 0, 2, 1, 0, 1]

(101)  8 ≥ 
	[3, 1, 1, 0, 0, 0]
	[2, 1, 0, 2, 1, 0]
	[2, 0, 1, 1, 2, 0]
	[0, 1, 0, 0, 3, 0]
	[0, 0, 1, 3, 0, 0]

(102)  7 ≥ 
	[3, 1, 0, 0, 0, 0]
	[2, 0, 2, 1, 0, 0]
	[2, 0, 0, 0, 1, 1]
	[0, 1, 2, 0, 1, 0]
	[0, 0, 0, 3, 0, 0]

(103)  6 ≥ 
	[2, 1, 1, 0, 0, 0]
	[2, 0, 0, 1, 0, 0]
	[1, 2, 0, 0, 1, 0]
	[0, 2, 1, 1, 0, 0]
	[0, 0, 2, 0, 1, 0]

(104)  7 ≥ 
	[3, 0, 0, 0, 0, 0]
	[1, 2, 1, 1, 0, 0]
	[1, 1, 2, 0, 1, 0]
	[0, 2, 0, 0, 1, 1]
	[0, 0, 2, 1, 0, 1]

(105)  9 ≥ 
	[3, 2, 1, 0, 0, 0]
	[3, 0, 0, 2, 1, 0]
	[2, 2, 0, 1, 2, 0]
	[0, 2, 0, 2, 0, 1]
	[0, 0, 2, 0, 2, 0]

(106)  8 ≥ 
	[3, 1, 1, 0, 0, 0]
	[2, 1, 0, 2, 1, 0]
	[2, 0, 1, 1, 2, 0]
	[0, 2, 0, 0, 2, 0]
	[0, 0, 1, 2, 0, 1]

(107)  8 ≥ 
	[3, 1, 1, 0, 0, 0]
	[2, 0, 0, 2, 1, 0]
	[1, 3, 0, 0, 1, 0]
	[0, 2, 1, 2, 0, 0]
	[0, 0, 0, 0, 0, 3]

(108)  7 ≥ 
	[3, 0, 0, 0, 0, 0]
	[1, 2, 2, 0, 0, 0]
	[0, 2, 0, 2, 0, 0]
	[0, 2, 0, 0, 2, 0]
	[0, 0, 2, 1, 1, 0]

(109)  10 ≥ 
	[4, 2, 0, 0, 0, 0]
	[3, 0, 3, 1, 0, 0]
	[2, 2, 2, 1, 1, 0]
	[0, 2, 4, 0, 0, 0]
	[0, 0, 0, 3, 1, 0]

(110)  10 ≥ 
	[4, 2, 0, 0, 0, 0]
	[3, 0, 3, 1, 0, 0]
	[2, 2, 2, 2, 0, 0]
	[0, 2, 4, 0, 0, 0]
	[0, 0, 0, 4, 0, 0]

(111)  2 ≥ 
	[1, 0, 0, 0, 0, 0]
	[1, 0, 0, 0, 0, 0]
	[0, 1, 0, 0, 0, 0]
	[0, 0, 1, 0, 0, 0]
	[0, 0, 0, 1, 0, 0]

(112)  10 ≥ 
	[4, 2, 0, 0, 0, 0]
	[3, 0, 2, 1, 1, 0]
	[2, 0, 0, 2, 0, 2]
	[0, 2, 2, 2, 0, 0]
	[0, 0, 0, 0, 4, 0]

(113)  10 ≥ 
	[4, 2, 0, 0, 0, 0]
	[3, 0, 3, 1, 0, 0]
	[2, 0, 1, 0, 3, 0]
	[0, 2, 3, 0, 1, 0]
	[0, 0, 0, 1, 0, 3]

(114)  10 ≥ 
	[4, 0, 0, 0, 0, 0]
	[1, 3, 2, 1, 0, 0]
	[0, 3, 0, 0, 3, 0]
	[0, 2, 0, 1, 0, 3]
	[0, 0, 2, 1, 2, 1]

(115)  6 ≥ 
	[2, 1, 1, 0, 0, 0]
	[2, 1, 0, 1, 0, 0]
	[2, 0, 0, 0, 1, 1]
	[0, 1, 0, 0, 2, 0]
	[0, 0, 1, 1, 0, 1]

(116)  9 ≥ 
	[3, 2, 1, 0, 0, 0]
	[3, 0, 0, 2, 1, 0]
	[2, 1, 1, 2, 0, 1]
	[0, 3, 0, 2, 0, 0]
	[0, 0, 2, 0, 1, 1]

(117)  10 ≥ 
	[3, 2, 2, 0, 0, 0]
	[3, 0, 0, 2, 1, 0]
	[2, 3, 0, 0, 1, 1]
	[0, 3, 1, 2, 0, 0]
	[0, 0, 3, 0, 1, 1]

(118)  8 ≥ 
	[4, 0, 0, 0, 0, 0]
	[2, 1, 1, 1, 1, 0]
	[1, 1, 1, 0, 0, 2]
	[0, 3, 0, 1, 0, 0]
	[0, 0, 3, 0, 1, 0]

(119)  9 ≥ 
	[3, 2, 1, 0, 0, 0]
	[3, 0, 0, 2, 1, 0]
	[2, 1, 2, 2, 0, 0]
	[0, 3, 0, 2, 0, 0]
	[0, 0, 3, 0, 1, 0]

(120)  10 ≥ 
	[4, 2, 0, 0, 0, 0]
	[2, 0, 2, 2, 0, 0]
	[1, 3, 2, 0, 1, 0]
	[0, 3, 0, 3, 0, 0]
	[0, 0, 0, 0, 4, 0]

(121)  10 ≥ 
	[4, 2, 0, 0, 0, 0]
	[3, 0, 3, 1, 0, 0]
	[2, 2, 2, 2, 0, 0]
	[0, 3, 3, 0, 0, 0]
	[0, 0, 0, 4, 0, 0]

(122)  8 ≥ 
	[4, 0, 0, 0, 0, 0]
	[2, 1, 1, 1, 1, 0]
	[1, 3, 1, 0, 0, 0]
	[0, 1, 0, 1, 0, 2]
	[0, 0, 3, 0, 1, 0]

(123)  8 ≥ 
	[3, 1, 1, 0, 0, 0]
	[2, 1, 0, 2, 1, 0]
	[2, 0, 0, 1, 0, 2]
	[0, 1, 1, 2, 0, 1]
	[0, 0, 0, 0, 3, 0]

(124)  12 ≥ 
	[4, 2, 2, 0, 0, 0]
	[4, 0, 0, 2, 2, 0]
	[3, 3, 0, 3, 0, 0]
	[0, 3, 0, 0, 3, 0]
	[0, 0, 2, 3, 0, 1]

(125)  10 ≥ 
	[4, 2, 0, 0, 0, 0]
	[3, 0, 2, 1, 1, 0]
	[2, 2, 2, 2, 0, 0]
	[0, 3, 2, 0, 1, 0]
	[0, 0, 0, 2, 0, 2]

(126)  10 ≥ 
	[4, 0, 0, 0, 0, 0]
	[2, 2, 2, 2, 0, 0]
	[1, 3, 2, 0, 1, 0]
	[0, 3, 0, 3, 0, 0]
	[0, 0, 2, 2, 2, 0]

(127)  6 ≥ 
	[3, 0, 0, 0, 0, 0]
	[1, 1, 1, 1, 0, 0]
	[0, 3, 0, 0, 0, 0]
	[0, 0, 3, 0, 0, 0]
	[0, 0, 0, 1, 2, 0]

(128)  9 ≥ 
	[3, 3, 0, 0, 0, 0]
	[3, 0, 3, 0, 0, 0]
	[2, 2, 2, 1, 0, 0]
	[0, 3, 3, 0, 0, 0]
	[0, 0, 0, 1, 2, 0]

(129)  9 ≥ 
	[3, 2, 1, 0, 0, 0]
	[3, 0, 0, 2, 1, 0]
	[2, 2, 0, 1, 1, 1]
	[0, 3, 0, 2, 0, 0]
	[0, 0, 1, 0, 1, 2]

(130)  3 ≥ 
	[1, 1, 0, 0, 0, 0]
	[1, 1, 0, 0, 0, 0]
	[1, 0, 1, 0, 0, 0]
	[0, 1, 1, 0, 0, 0]
	[0, 0, 0, 1, 0, 0]

(131)  5 ≥ 
	[2, 1, 0, 0, 0, 0]
	[1, 1, 1, 1, 0, 0]
	[1, 0, 1, 0, 1, 0]
	[0, 2, 1, 0, 0, 0]
	[0, 0, 0, 2, 0, 0]

(132)  7 ≥ 
	[3, 1, 0, 0, 0, 0]
	[1, 2, 1, 1, 0, 0]
	[1, 0, 2, 0, 1, 0]
	[0, 2, 0, 0, 1, 1]
	[0, 0, 0, 3, 0, 0]

(133)  11 ≥ 
	[3, 3, 2, 0, 0, 0]
	[3, 0, 0, 2, 1, 0]
	[2, 0, 3, 0, 0, 2]
	[0, 3, 0, 0, 1, 2]
	[0, 2, 3, 2, 0, 0]

(134)  7 ≥ 
	[3, 0, 0, 0, 0, 0]
	[1, 2, 1, 1, 0, 0]
	[1, 0, 1, 1, 1, 1]
	[0, 1, 1, 0, 2, 0]
	[0, 1, 0, 1, 0, 2]

(135)  7 ≥ 
	[3, 1, 0, 0, 0, 0]
	[2, 0, 1, 1, 1, 0]
	[1, 1, 2, 1, 0, 0]
	[0, 1, 0, 1, 2, 0]
	[0, 0, 1, 0, 0, 2]

(136)  8 ≥ 
	[3, 1, 0, 0, 0, 0]
	[2, 0, 2, 1, 1, 0]
	[1, 1, 2, 2, 0, 0]
	[0, 2, 2, 0, 1, 0]
	[0, 0, 0, 3, 1, 0]

(137)  6 ≥ 
	[2, 1, 1, 0, 0, 0]
	[1, 1, 0, 1, 1, 0]
	[1, 0, 1, 1, 0, 1]
	[0, 2, 0, 0, 0, 1]
	[0, 0, 2, 0, 1, 0]

(138)  9 ≥ 
	[3, 2, 1, 0, 0, 0]
	[3, 0, 0, 2, 1, 0]
	[2, 2, 0, 1, 2, 0]
	[0, 3, 0, 2, 0, 0]
	[0, 0, 2, 0, 2, 0]

(139)  7 ≥ 
	[3, 1, 0, 0, 0, 0]
	[3, 0, 1, 0, 0, 0]
	[2, 0, 0, 2, 1, 0]
	[0, 1, 1, 2, 0, 0]
	[0, 0, 0, 0, 1, 2]

(140)  9 ≥ 
	[3, 2, 1, 0, 0, 0]
	[3, 0, 0, 2, 1, 0]
	[2, 2, 0, 1, 2, 0]
	[0, 3, 0, 2, 0, 0]
	[0, 0, 1, 0, 2, 1]

(141)  10 ≥ 
	[4, 2, 0, 0, 0, 0]
	[3, 0, 3, 1, 0, 0]
	[2, 2, 2, 1, 1, 0]
	[0, 3, 3, 0, 0, 0]
	[0, 0, 0, 3, 1, 0]

(142)  7 ≥ 
	[3, 1, 0, 0, 0, 0]
	[1, 2, 1, 1, 0, 0]
	[1, 0, 2, 0, 1, 0]
	[0, 2, 0, 0, 2, 0]
	[0, 0, 0, 1, 0, 2]

(143)  7 ≥ 
	[3, 1, 0, 0, 0, 0]
	[2, 0, 2, 1, 0, 0]
	[1, 1, 1, 2, 0, 0]
	[0, 1, 2, 0, 1, 0]
	[0, 0, 0, 1, 0, 2]

(144)  7 ≥ 
	[3, 1, 0, 0, 0, 0]
	[2, 0, 1, 1, 1, 0]
	[1, 1, 2, 1, 0, 0]
	[0, 1, 1, 0, 2, 0]
	[0, 0, 0, 1, 0, 2]

(145)  6 ≥ 
	[2, 1, 0, 0, 0, 0]
	[1, 1, 1, 1, 1, 0]
	[1, 0, 1, 1, 0, 1]
	[0, 1, 1, 0, 1, 1]
	[0, 0, 0, 2, 1, 0]

(146)  7 ≥ 
	[3, 1, 0, 0, 0, 0]
	[2, 0, 2, 1, 0, 0]
	[1, 2, 1, 1, 0, 0]
	[0, 1, 2, 0, 1, 0]
	[0, 0, 0, 3, 0, 0]

(147)  8 ≥ 
	[3, 1, 1, 0, 0, 0]
	[1, 2, 2, 1, 0, 0]
	[1, 0, 0, 3, 0, 0]
	[0, 2, 0, 0, 2, 0]
	[0, 0, 2, 0, 0, 2]

(148)  10 ≥ 
	[4, 0, 0, 0, 0, 0]
	[2, 2, 2, 2, 0, 0]
	[1, 2, 2, 0, 1, 1]
	[0, 3, 0, 2, 1, 0]
	[0, 0, 3, 2, 0, 1]

(149)  12 ≥ 
	[4, 2, 2, 0, 0, 0]
	[4, 0, 0, 2, 2, 0]
	[3, 2, 0, 3, 0, 1]
	[0, 2, 0, 0, 2, 2]
	[0, 0, 2, 4, 0, 0]

(150)  6 ≥ 
	[2, 1, 1, 0, 0, 0]
	[1, 1, 0, 1, 1, 0]
	[1, 0, 1, 1, 0, 1]
	[0, 1, 0, 0, 0, 2]
	[0, 0, 1, 0, 2, 0]

(151)  7 ≥ 
	[3, 0, 0, 0, 0, 0]
	[1, 2, 2, 0, 0, 0]
	[0, 2, 0, 2, 0, 0]
	[0, 1, 1, 0, 2, 0]
	[0, 0, 2, 2, 0, 0]

(152)  6 ≥ 
	[2, 1, 1, 0, 0, 0]
	[2, 0, 0, 1, 1, 0]
	[1, 2, 0, 1, 0, 0]
	[0, 1, 0, 0, 1, 1]
	[0, 0, 2, 1, 0, 0]

(153)  5 ≥ 
	[2, 1, 0, 0, 0, 0]
	[1, 1, 1, 1, 0, 0]
	[1, 0, 1, 0, 1, 0]
	[0, 1, 1, 0, 1, 0]
	[0, 0, 0, 1, 0, 1]

(154)  8 ≥ 
	[3, 2, 0, 0, 0, 0]
	[2, 1, 1, 1, 1, 0]
	[2, 0, 2, 0, 0, 1]
	[0, 2, 2, 1, 0, 0]
	[0, 0, 0, 0, 3, 0]

(155)  9 ≥ 
	[3, 2, 1, 0, 0, 0]
	[3, 0, 0, 1, 1, 1]
	[2, 0, 2, 2, 0, 0]
	[0, 2, 0, 2, 1, 0]
	[0, 0, 1, 0, 0, 3]

(156)  12 ≥ 
	[4, 2, 2, 0, 0, 0]
	[4, 0, 0, 2, 2, 0]
	[3, 1, 1, 2, 0, 2]
	[0, 4, 0, 2, 0, 0]
	[0, 0, 2, 0, 2, 2]

(157)  12 ≥ 
	[5, 2, 0, 0, 0, 0]
	[3, 0, 3, 1, 1, 0]
	[2, 0, 0, 1, 0, 4]
	[0, 2, 3, 0, 0, 2]
	[0, 0, 0, 0, 5, 0]

(158)  12 ≥ 
	[4, 2, 0, 0, 0, 0]
	[3, 0, 3, 3, 0, 0]
	[2, 0, 3, 0, 2, 1]
	[0, 2, 3, 2, 0, 1]
	[0, 0, 0, 3, 3, 0]

(159)  8 ≥ 
	[3, 2, 0, 0, 0, 0]
	[2, 0, 1, 1, 1, 0]
	[1, 2, 1, 1, 0, 1]
	[0, 2, 1, 0, 2, 0]
	[0, 0, 0, 0, 0, 3]

(160)  10 ≥ 
	[4, 0, 0, 0, 0, 0]
	[2, 2, 2, 2, 0, 0]
	[1, 2, 2, 0, 1, 1]
	[0, 3, 0, 2, 1, 0]
	[0, 0, 2, 2, 0, 2]

(161)  2 ≥ 
	[1, 0, 0, 0, 0, 0]
	[1, 0, 0, 0, 0, 0]
	[0, 1, 0, 0, 0, 0]
	[0, 1, 0, 0, 0, 0]
	[0, 0, 1, 0, 0, 0]

(162)  6 ≥ 
	[2, 1, 1, 0, 0, 0]
	[2, 0, 0, 1, 1, 0]
	[1, 2, 0, 1, 0, 0]
	[0, 1, 0, 0, 1, 1]
	[0, 0, 1, 2, 0, 0]

(163)  9 ≥ 
	[3, 2, 1, 0, 0, 0]
	[3, 0, 0, 2, 1, 0]
	[2, 1, 1, 1, 1, 1]
	[0, 2, 0, 2, 0, 1]
	[0, 0, 3, 0, 1, 0]

(164)  8 ≥ 
	[4, 0, 0, 0, 0, 0]
	[2, 2, 1, 1, 0, 0]
	[1, 1, 3, 0, 0, 0]
	[0, 2, 0, 0, 2, 0]
	[0, 0, 1, 1, 0, 2]

(165)  8 ≥ 
	[3, 1, 0, 0, 0, 0]
	[2, 0, 2, 1, 1, 0]
	[1, 1, 2, 2, 0, 0]
	[0, 1, 2, 0, 2, 0]
	[0, 0, 0, 2, 1, 1]

(166)  10 ≥ 
	[4, 0, 0, 0, 0, 0]
	[1, 3, 3, 0, 0, 0]
	[0, 3, 0, 2, 1, 0]
	[0, 2, 1, 0, 0, 3]
	[0, 0, 3, 2, 0, 1]

(167)  10 ≥ 
	[4, 1, 1, 0, 0, 0]
	[2, 3, 0, 1, 1, 0]
	[2, 0, 0, 1, 0, 3]
	[0, 3, 1, 0, 0, 2]
	[0, 0, 0, 0, 4, 0]

(168)  7 ≥ 
	[3, 1, 0, 0, 0, 0]
	[2, 0, 2, 1, 0, 0]
	[1, 0, 1, 0, 2, 0]
	[0, 1, 3, 0, 0, 0]
	[0, 0, 0, 1, 0, 2]

(169)  10 ≥ 
	[4, 2, 0, 0, 0, 0]
	[3, 0, 2, 1, 1, 0]
	[2, 2, 2, 1, 0, 1]
	[0, 2, 2, 0, 2, 0]
	[0, 0, 0, 1, 0, 3]

(170)  7 ≥ 
	[3, 1, 0, 0, 0, 0]
	[1, 2, 1, 1, 0, 0]
	[1, 0, 1, 0, 1, 1]
	[0, 2, 0, 0, 2, 0]
	[0, 0, 0, 3, 0, 0]

(171)  8 ≥ 
	[4, 0, 0, 0, 0, 0]
	[2, 2, 2, 0, 0, 0]
	[1, 1, 1, 2, 0, 0]
	[0, 4, 0, 0, 0, 0]
	[0, 0, 4, 0, 0, 0]

(172)  9 ≥ 
	[3, 2, 1, 0, 0, 0]
	[3, 0, 0, 2, 1, 0]
	[2, 2, 0, 1, 2, 0]
	[0, 3, 0, 2, 0, 0]
	[0, 0, 1, 0, 3, 0]

(173)  4 ≥ 
	[2, 0, 0, 0, 0, 0]
	[2, 0, 0, 0, 0, 0]
	[1, 1, 1, 0, 0, 0]
	[0, 2, 0, 0, 0, 0]
	[0, 0, 2, 0, 0, 0]

(174)  9 ≥ 
	[3, 2, 1, 0, 0, 0]
	[3, 0, 0, 1, 1, 1]
	[2, 2, 0, 2, 1, 0]
	[0, 2, 0, 0, 1, 2]
	[0, 0, 2, 2, 0, 0]

(175)  8 ≥ 
	[3, 2, 0, 0, 0, 0]
	[2, 1, 2, 1, 0, 0]
	[2, 0, 1, 0, 2, 0]
	[0, 2, 2, 0, 1, 0]
	[0, 0, 0, 3, 0, 0]

(176)  7 ≥ 
	[3, 0, 0, 0, 0, 0]
	[1, 2, 1, 1, 0, 0]
	[1, 1, 1, 0, 1, 1]
	[0, 1, 0, 1, 2, 0]
	[0, 0, 1, 1, 0, 2]

(177)  10 ≥ 
	[3, 2, 2, 0, 0, 0]
	[3, 0, 0, 2, 1, 0]
	[2, 3, 0, 0, 1, 1]
	[0, 3, 1, 2, 0, 0]
	[0, 0, 2, 0, 1, 2]

(178)  7 ≥ 
	[3, 0, 0, 0, 0, 0]
	[1, 2, 1, 1, 0, 0]
	[1, 0, 1, 1, 1, 1]
	[0, 1, 2, 0, 1, 0]
	[0, 1, 0, 1, 0, 2]

(179)  7 ≥ 
	[2, 2, 1, 0, 0, 0]
	[2, 1, 0, 1, 1, 0]
	[2, 0, 1, 2, 0, 0]
	[0, 2, 0, 2, 0, 0]
	[0, 0, 2, 0, 1, 0]

(180)  7 ≥ 
	[3, 0, 0, 0, 0, 0]
	[1, 2, 2, 0, 0, 0]
	[0, 2, 0, 2, 0, 0]
	[0, 2, 0, 0, 1, 1]
	[0, 0, 2, 1, 1, 0]

(181)  12 ≥ 
	[4, 2, 2, 0, 0, 0]
	[4, 0, 0, 2, 2, 0]
	[3, 3, 0, 2, 0, 1]
	[0, 3, 0, 0, 3, 0]
	[0, 0, 2, 3, 0, 1]

(182)  4 ≥ 
	[2, 0, 0, 0, 0, 0]
	[1, 1, 1, 0, 0, 0]
	[0, 2, 0, 0, 0, 0]
	[0, 0, 1, 1, 0, 0]
	[0, 0, 1, 1, 0, 0]

(183)  7 ≥ 
	[3, 1, 0, 0, 0, 0]
	[1, 1, 1, 1, 1, 0]
	[1, 0, 2, 0, 0, 1]
	[0, 1, 0, 1, 0, 2]
	[0, 0, 0, 0, 3, 0]

(184)  6 ≥ 
	[2, 1, 1, 0, 0, 0]
	[2, 0, 0, 1, 1, 0]
	[1, 1, 1, 1, 1, 0]
	[0, 2, 0, 1, 0, 0]
	[0, 0, 1, 0, 2, 0]

(185)  7 ≥ 
	[3, 1, 0, 0, 0, 0]
	[2, 0, 2, 1, 0, 0]
	[1, 1, 1, 1, 1, 0]
	[0, 1, 3, 0, 0, 0]
	[0, 0, 0, 1, 0, 2]

(186)  7 ≥ 
	[3, 1, 0, 0, 0, 0]
	[2, 0, 1, 1, 1, 0]
	[1, 1, 2, 1, 0, 0]
	[0, 2, 0, 1, 1, 0]
	[0, 0, 1, 0, 0, 2]

(187)  10 ≥ 
	[3, 3, 0, 0, 0, 0]
	[3, 0, 2, 1, 1, 0]
	[2, 2, 2, 1, 0, 1]
	[0, 2, 3, 0, 1, 0]
	[0, 0, 0, 3, 0, 1]

(188)  12 ≥ 
	[3, 3, 3, 0, 0, 0]
	[3, 2, 0, 2, 1, 0]
	[3, 0, 2, 0, 1, 2]
	[0, 3, 0, 0, 0, 3]
	[0, 0, 3, 3, 0, 0]

(189)  12 ≥ 
	[4, 2, 2, 0, 0, 0]
	[4, 0, 0, 2, 2, 0]
	[3, 3, 0, 3, 0, 0]
	[0, 3, 0, 0, 3, 0]
	[0, 0, 3, 3, 0, 0]

(190)  6 ≥ 
	[2, 1, 1, 0, 0, 0]
	[2, 0, 0, 1, 1, 0]
	[1, 2, 0, 1, 0, 0]
	[0, 1, 0, 0, 2, 0]
	[0, 0, 1, 1, 0, 1]

(191)  7 ≥ 
	[2, 2, 1, 0, 0, 0]
	[2, 0, 0, 1, 1, 0]
	[1, 0, 1, 0, 0, 2]
	[0, 2, 0, 1, 0, 1]
	[0, 1, 1, 0, 2, 0]

(192)  6 ≥ 
	[2, 1, 1, 0, 0, 0]
	[2, 0, 0, 1, 1, 0]
	[1, 1, 0, 2, 0, 0]
	[0, 1, 0, 0, 1, 1]
	[0, 0, 2, 1, 0, 0]

(193)  10 ≥ 
	[4, 2, 0, 0, 0, 0]
	[3, 0, 3, 1, 0, 0]
	[2, 2, 2, 1, 1, 0]
	[0, 2, 3, 0, 0, 1]
	[0, 0, 0, 1, 3, 0]

(194)  7 ≥ 
	[3, 1, 0, 0, 0, 0]
	[2, 0, 2, 1, 0, 0]
	[2, 0, 0, 0, 2, 0]
	[0, 1, 2, 0, 1, 0]
	[0, 0, 0, 3, 0, 0]

(195)  7 ≥ 
	[3, 1, 0, 0, 0, 0]
	[2, 0, 1, 1, 1, 0]
	[1, 1, 2, 1, 0, 0]
	[0, 1, 1, 0, 1, 1]
	[0, 0, 0, 3, 0, 0]

(196)  4 ≥ 
	[2, 0, 0, 0, 0, 0]
	[2, 0, 0, 0, 0, 0]
	[1, 1, 1, 0, 0, 0]
	[0, 2, 0, 0, 0, 0]
	[0, 0, 1, 1, 0, 0]

(197)  8 ≥ 
	[2, 2, 1, 1, 0, 0]
	[2, 1, 1, 0, 1, 1]
	[2, 0, 0, 2, 1, 0]
	[0, 2, 0, 0, 2, 0]
	[0, 0, 2, 1, 0, 1]

(198)  10 ≥ 
	[3, 3, 1, 0, 0, 0]
	[3, 0, 0, 3, 0, 0]
	[2, 1, 0, 0, 3, 0]
	[0, 3, 0, 2, 1, 0]
	[0, 0, 1, 0, 0, 3]

(199)  10 ≥ 
	[4, 2, 0, 0, 0, 0]
	[2, 0, 2, 2, 0, 0]
	[1, 2, 2, 0, 1, 1]
	[0, 2, 0, 2, 2, 0]
	[0, 0, 0, 0, 0, 4]

(200)  6 ≥ 
	[2, 1, 1, 0, 0, 0]
	[2, 0, 0, 1, 1, 0]
	[1, 1, 0, 1, 0, 1]
	[0, 2, 0, 0, 1, 0]
	[0, 0, 2, 1, 0, 0]

(201)  8 ≥ 
	[3, 0, 0, 0, 0, 0]
	[1, 2, 2, 1, 0, 0]
	[0, 2, 1, 0, 2, 0]
	[0, 2, 0, 1, 0, 2]
	[0, 0, 2, 1, 1, 1]

(202)  6 ≥ 
	[3, 0, 0, 0, 0, 0]
	[1, 1, 1, 1, 0, 0]
	[0, 1, 0, 0, 2, 0]
	[0, 0, 1, 0, 2, 0]
	[0, 0, 0, 1, 0, 2]

(203)  8 ≥ 
	[3, 1, 0, 0, 0, 0]
	[2, 0, 2, 1, 1, 0]
	[1, 1, 2, 1, 0, 1]
	[0, 2, 2, 0, 1, 0]
	[0, 0, 0, 1, 1, 2]

(204)  10 ≥ 
	[3, 2, 2, 0, 0, 0]
	[3, 0, 0, 2, 1, 0]
	[2, 3, 0, 0, 1, 1]
	[0, 3, 1, 2, 0, 0]
	[0, 0, 2, 0, 2, 1]

(205)  7 ≥ 
	[3, 0, 0, 0, 0, 0]
	[1, 2, 1, 1, 0, 0]
	[0, 2, 0, 0, 2, 0]
	[0, 1, 1, 0, 0, 2]
	[0, 0, 1, 1, 2, 0]

(206)  10 ≥ 
	[4, 0, 0, 0, 0, 0]
	[2, 2, 2, 2, 0, 0]
	[1, 2, 2, 0, 1, 1]
	[0, 2, 0, 2, 2, 0]
	[0, 0, 2, 2, 0, 2]

(207)  10 ≥ 
	[4, 2, 0, 0, 0, 0]
	[3, 0, 3, 1, 0, 0]
	[2, 2, 2, 1, 1, 0]
	[0, 2, 4, 0, 0, 0]
	[0, 0, 0, 1, 3, 0]

(208)  6 ≥ 
	[2, 1, 1, 0, 0, 0]
	[2, 0, 0, 1, 1, 0]
	[1, 2, 0, 1, 0, 0]
	[0, 2, 0, 0, 1, 0]
	[0, 0, 1, 1, 0, 1]

(209)  2 ≥ 
	[1, 0, 0, 0, 0, 0]
	[1, 0, 0, 0, 0, 0]
	[1, 0, 0, 0, 0, 0]
	[0, 1, 0, 0, 0, 0]
	[0, 0, 1, 0, 0, 0]

(210)  10 ≥ 
	[4, 0, 0, 0, 0, 0]
	[1, 3, 2, 1, 0, 0]
	[0, 3, 0, 0, 2, 1]
	[0, 1, 2, 0, 0, 3]
	[0, 0, 2, 2, 2, 0]

(211)  10 ≥ 
	[4, 2, 0, 0, 0, 0]
	[3, 0, 2, 1, 1, 0]
	[2, 2, 2, 2, 0, 0]
	[0, 2, 3, 0, 1, 0]
	[0, 0, 0, 2, 0, 2]

(212)  12 ≥ 
	[4, 2, 2, 0, 0, 0]
	[4, 0, 0, 2, 2, 0]
	[3, 2, 0, 3, 0, 1]
	[0, 2, 0, 0, 2, 2]
	[0, 0, 3, 3, 0, 0]

(213)  8 ≥ 
	[3, 1, 1, 0, 0, 0]
	[2, 1, 0, 2, 1, 0]
	[2, 0, 1, 1, 2, 0]
	[0, 2, 0, 0, 2, 0]
	[0, 0, 2, 2, 0, 0]

(214)  6 ≥ 
	[2, 1, 1, 0, 0, 0]
	[2, 0, 0, 1, 1, 0]
	[1, 1, 0, 2, 0, 0]
	[0, 1, 1, 1, 1, 0]
	[0, 0, 0, 0, 0, 2]

(215)  4 ≥ 
	[2, 0, 0, 0, 0, 0]
	[1, 1, 1, 0, 0, 0]
	[1, 1, 0, 1, 0, 0]
	[0, 2, 0, 0, 0, 0]
	[0, 0, 1, 1, 0, 0]

(216)  7 ≥ 
	[3, 0, 0, 0, 0, 0]
	[1, 2, 1, 1, 0, 0]
	[1, 1, 1, 0, 2, 0]
	[0, 2, 0, 0, 1, 1]
	[0, 0, 2, 1, 1, 0]

(217)  7 ≥ 
	[3, 1, 0, 0, 0, 0]
	[2, 0, 1, 1, 1, 0]
	[1, 0, 1, 0, 0, 2]
	[0, 1, 2, 1, 0, 0]
	[0, 0, 0, 0, 3, 0]

(218)  9 ≥ 
	[3, 2, 1, 0, 0, 0]
	[3, 0, 0, 2, 1, 0]
	[2, 2, 0, 1, 2, 0]
	[0, 2, 0, 2, 0, 1]
	[0, 0, 1, 0, 3, 0]

(219)  8 ≥ 
	[3, 1, 1, 0, 0, 0]
	[2, 1, 0, 2, 1, 0]
	[2, 0, 1, 1, 1, 1]
	[0, 1, 0, 0, 1, 2]
	[0, 0, 2, 2, 0, 0]

(220)  10 ≥ 
	[4, 2, 0, 0, 0, 0]
	[3, 0, 2, 1, 1, 0]
	[2, 2, 2, 2, 0, 0]
	[0, 2, 3, 0, 1, 0]
	[0, 0, 0, 4, 0, 0]

(221)  6 ≥ 
	[2, 1, 0, 0, 0, 0]
	[1, 1, 1, 1, 1, 0]
	[1, 0, 1, 1, 0, 1]
	[0, 1, 1, 0, 1, 1]
	[0, 0, 0, 1, 2, 0]

(222)  9 ≥ 
	[3, 2, 1, 0, 0, 0]
	[3, 0, 0, 1, 1, 1]
	[2, 2, 0, 2, 1, 0]
	[0, 3, 0, 0, 1, 1]
	[0, 0, 1, 3, 0, 0]

(223)  10 ≥ 
	[4, 2, 0, 0, 0, 0]
	[2, 0, 2, 2, 0, 0]
	[1, 3, 2, 0, 1, 0]
	[0, 3, 0, 3, 0, 0]
	[0, 0, 0, 0, 1, 3]

(224)  8 ≥ 
	[3, 0, 0, 0, 0, 0]
	[1, 2, 2, 1, 0, 0]
	[0, 2, 1, 0, 2, 0]
	[0, 2, 0, 2, 0, 1]
	[0, 0, 2, 1, 1, 1]

(225)  8 ≥ 
	[3, 1, 0, 0, 0, 0]
	[2, 0, 2, 1, 1, 0]
	[1, 1, 2, 1, 0, 1]
	[0, 2, 2, 0, 1, 0]
	[0, 0, 0, 1, 2, 1]

(226)  10 ≥ 
	[4, 2, 0, 0, 0, 0]
	[3, 0, 2, 1, 1, 0]
	[2, 2, 2, 1, 0, 1]
	[0, 2, 3, 0, 1, 0]
	[0, 0, 0, 3, 0, 1]

(227)  5 ≥ 
	[2, 1, 0, 0, 0, 0]
	[1, 0, 2, 0, 0, 0]
	[1, 0, 0, 2, 0, 0]
	[0, 1, 1, 1, 0, 0]
	[0, 0, 0, 0, 2, 0]

(228)  5 ≥ 
	[1, 1, 1, 1, 0, 0]
	[1, 1, 0, 0, 1, 0]
	[1, 0, 1, 0, 0, 1]
	[0, 1, 0, 1, 0, 1]
	[0, 0, 1, 1, 1, 0]

(229)  13 ≥ 
	[5, 3, 0, 0, 0, 0]
	[3, 0, 3, 2, 0, 0]
	[2, 2, 0, 2, 2, 1]
	[0, 3, 3, 0, 2, 0]
	[0, 0, 0, 0, 0, 5]

(230)  7 ≥ 
	[3, 1, 0, 0, 0, 0]
	[2, 0, 2, 1, 0, 0]
	[1, 2, 1, 1, 0, 0]
	[0, 1, 3, 0, 0, 0]
	[0, 0, 0, 1, 2, 0]

(231)  6 ≥ 
	[2, 1, 1, 0, 0, 0]
	[2, 0, 0, 1, 1, 0]
	[1, 0, 0, 0, 0, 2]
	[0, 2, 0, 1, 0, 0]
	[0, 0, 2, 0, 1, 0]

(232)  7 ≥ 
	[3, 1, 0, 0, 0, 0]
	[2, 0, 2, 1, 0, 0]
	[1, 0, 1, 0, 2, 0]
	[0, 2, 2, 0, 0, 0]
	[0, 0, 0, 3, 0, 0]

(233)  7 ≥ 
	[2, 2, 0, 0, 0, 0]
	[2, 0, 1, 1, 1, 0]
	[1, 1, 2, 1, 0, 0]
	[0, 1, 1, 0, 2, 0]
	[0, 0, 0, 1, 0, 2]

(234)  8 ≥ 
	[3, 1, 0, 0, 0, 0]
	[2, 0, 2, 1, 1, 0]
	[1, 1, 2, 1, 0, 1]
	[0, 1, 2, 0, 2, 0]
	[0, 0, 0, 2, 1, 1]

(235)  6 ≥ 
	[2, 1, 1, 0, 0, 0]
	[1, 1, 0, 1, 1, 0]
	[1, 0, 1, 1, 0, 1]
	[0, 2, 0, 0, 0, 1]
	[0, 0, 1, 0, 2, 0]

(236)  6 ≥ 
	[2, 1, 1, 0, 0, 0]
	[1, 1, 0, 1, 1, 0]
	[1, 0, 0, 0, 0, 2]
	[0, 1, 1, 1, 0, 1]
	[0, 0, 1, 0, 2, 0]

(237)  6 ≥ 
	[2, 1, 1, 0, 0, 0]
	[2, 0, 0, 1, 1, 0]
	[2, 0, 0, 1, 0, 1]
	[0, 2, 0, 1, 0, 0]
	[0, 0, 1, 0, 1, 1]

(238)  8 ≥ 
	[3, 1, 0, 0, 0, 0]
	[2, 0, 2, 1, 1, 0]
	[1, 1, 2, 2, 0, 0]
	[0, 2, 2, 0, 1, 0]
	[0, 0, 0, 2, 1, 1]

(239)  12 ≥ 
	[4, 2, 2, 0, 0, 0]
	[4, 0, 0, 2, 2, 0]
	[3, 2, 0, 3, 0, 1]
	[0, 3, 0, 0, 2, 1]
	[0, 0, 2, 4, 0, 0]

(240)  8 ≥ 
	[3, 1, 1, 0, 0, 0]
	[1, 2, 1, 1, 1, 0]
	[1, 0, 0, 3, 0, 0]
	[0, 2, 0, 0, 0, 2]
	[0, 0, 1, 0, 3, 0]

(241)  8 ≥ 
	[3, 1, 1, 0, 0, 0]
	[1, 1, 1, 1, 1, 1]
	[1, 0, 0, 3, 0, 0]
	[0, 3, 0, 0, 1, 0]
	[0, 0, 1, 0, 0, 3]

(242)  8 ≥ 
	[3, 1, 1, 0, 0, 0]
	[2, 2, 0, 1, 1, 0]
	[2, 0, 0, 2, 0, 1]
	[0, 2, 1, 2, 0, 0]
	[0, 0, 0, 0, 3, 0]

(243)  10 ≥ 
	[4, 2, 0, 0, 0, 0]
	[3, 0, 2, 1, 1, 0]
	[2, 2, 2, 2, 0, 0]
	[0, 2, 2, 0, 1, 1]
	[0, 0, 0, 4, 0, 0]

(244)  10 ≥ 
	[4, 2, 0, 0, 0, 0]
	[3, 0, 3, 1, 0, 0]
	[2, 2, 2, 1, 1, 0]
	[0, 2, 4, 0, 0, 0]
	[0, 0, 0, 1, 1, 2]

(245)  15 ≥ 
	[5, 3, 2, 0, 0, 0]
	[5, 0, 0, 3, 2, 0]
	[4, 2, 0, 2, 0, 3]
	[0, 5, 0, 3, 0, 0]
	[0, 0, 2, 0, 2, 3]

(246)  5 ≥ 
	[2, 1, 0, 0, 0, 0]
	[2, 0, 1, 0, 0, 0]
	[2, 0, 0, 1, 0, 0]
	[0, 1, 1, 1, 0, 0]
	[0, 0, 0, 0, 2, 0]

(247)  8 ≥ 
	[3, 2, 0, 0, 0, 0]
	[2, 0, 2, 1, 0, 0]
	[1, 1, 0, 1, 2, 0]
	[0, 2, 2, 0, 1, 0]
	[0, 0, 0, 0, 0, 3]

(248)  8 ≥ 
	[2, 2, 1, 0, 0, 0]
	[2, 0, 0, 2, 1, 0]
	[1, 0, 2, 0, 2, 0]
	[0, 2, 0, 1, 2, 0]
	[0, 1, 2, 2, 0, 0]

(249)  10 ≥ 
	[3, 2, 2, 0, 0, 0]
	[3, 0, 0, 2, 1, 0]
	[2, 2, 0, 0, 2, 1]
	[0, 2, 1, 2, 0, 1]
	[0, 0, 2, 0, 3, 0]

(250)  8 ≥ 
	[4, 0, 0, 0, 0, 0]
	[2, 1, 1, 1, 1, 0]
	[1, 3, 1, 0, 0, 0]
	[0, 1, 0, 3, 0, 0]
	[0, 0, 1, 0, 3, 0]

(251)  10 ≥ 
	[4, 0, 0, 0, 0, 0]
	[2, 2, 2, 2, 0, 0]
	[1, 3, 2, 0, 1, 0]
	[0, 3, 0, 2, 0, 1]
	[0, 0, 3, 2, 1, 0]

(252)  8 ≥ 
	[4, 0, 0, 0, 0, 0]
	[2, 1, 1, 1, 1, 0]
	[1, 1, 1, 0, 0, 2]
	[0, 3, 0, 1, 0, 0]
	[0, 0, 1, 0, 3, 0]

(253)  7 ≥ 
	[3, 1, 0, 0, 0, 0]
	[1, 1, 1, 1, 1, 0]
	[1, 0, 1, 0, 0, 2]
	[0, 1, 0, 1, 0, 2]
	[0, 0, 0, 0, 3, 0]

(254)  7 ≥ 
	[3, 0, 0, 0, 0, 0]
	[1, 2, 1, 1, 0, 0]
	[1, 0, 1, 1, 1, 1]
	[0, 1, 2, 0, 1, 0]
	[0, 1, 0, 2, 0, 1]

(255)  4 ≥ 
	[1, 1, 1, 0, 0, 0]
	[1, 0, 0, 1, 0, 0]
	[1, 0, 0, 1, 0, 0]
	[0, 1, 0, 0, 1, 0]
	[0, 0, 1, 0, 0, 1]

(256)  8 ≥ 
	[3, 0, 0, 0, 0, 0]
	[0, 2, 2, 1, 0, 0]
	[0, 2, 0, 0, 2, 1]
	[0, 1, 0, 2, 0, 2]
	[0, 0, 1, 2, 2, 0]

(257)  7 ≥ 
	[3, 1, 0, 0, 0, 0]
	[2, 0, 2, 1, 0, 0]
	[1, 2, 1, 1, 0, 0]
	[0, 1, 2, 0, 1, 0]
	[0, 0, 0, 1, 0, 2]

(258)  10 ≥ 
	[4, 2, 0, 0, 0, 0]
	[2, 0, 2, 2, 0, 0]
	[1, 2, 2, 0, 1, 1]
	[0, 3, 0, 2, 1, 0]
	[0, 0, 0, 0, 0, 4]

(259)  10 ≥ 
	[4, 0, 0, 0, 0, 0]
	[2, 2, 2, 2, 0, 0]
	[1, 2, 2, 0, 1, 1]
	[0, 2, 0, 3, 1, 0]
	[0, 0, 2, 2, 0, 2]

(260)  9 ≥ 
	[3, 3, 0, 0, 0, 0]
	[3, 0, 2, 1, 0, 0]
	[2, 2, 2, 0, 1, 0]
	[0, 3, 2, 1, 0, 0]
	[0, 0, 0, 0, 3, 0]

(261)  10 ≥ 
	[4, 2, 0, 0, 0, 0]
	[3, 0, 2, 1, 1, 0]
	[2, 2, 2, 1, 0, 1]
	[0, 2, 3, 0, 1, 0]
	[0, 0, 0, 1, 0, 3]

(262)  7 ≥ 
	[3, 1, 0, 0, 0, 0]
	[2, 0, 2, 1, 0, 0]
	[1, 2, 1, 1, 0, 0]
	[0, 1, 3, 0, 0, 0]
	[0, 0, 0, 3, 0, 0]

(263)  12 ≥ 
	[5, 0, 0, 0, 0, 0]
	[1, 3, 3, 1, 0, 0]
	[0, 3, 0, 0, 4, 0]
	[0, 2, 0, 1, 0, 4]
	[0, 0, 3, 0, 2, 2]

(264)  8 ≥ 
	[3, 1, 1, 0, 0, 0]
	[2, 1, 0, 2, 1, 0]
	[2, 0, 1, 1, 2, 0]
	[0, 1, 0, 0, 2, 1]
	[0, 0, 1, 3, 0, 0]

(265)  6 ≥ 
	[2, 1, 1, 0, 0, 0]
	[2, 0, 0, 1, 1, 0]
	[1, 1, 0, 1, 0, 1]
	[0, 1, 0, 0, 1, 1]
	[0, 0, 1, 2, 0, 0]

(266)  7 ≥ 
	[2, 2, 0, 0, 0, 0]
	[2, 0, 1, 1, 1, 0]
	[1, 1, 2, 1, 0, 0]
	[0, 1, 0, 1, 2, 0]
	[0, 0, 1, 0, 0, 2]

(267)  10 ≥ 
	[4, 2, 0, 0, 0, 0]
	[3, 0, 3, 1, 0, 0]
	[2, 2, 2, 2, 0, 0]
	[0, 2, 3, 0, 1, 0]
	[0, 0, 0, 2, 0, 2]

(268)  9 ≥ 
	[4, 1, 0, 0, 0, 0]
	[3, 0, 2, 1, 0, 0]
	[3, 0, 0, 0, 2, 1]
	[0, 1, 2, 0, 2, 0]
	[0, 0, 0, 3, 0, 1]

(269)  7 ≥ 
	[3, 0, 0, 0, 0, 0]
	[1, 2, 2, 0, 0, 0]
	[1, 1, 1, 2, 0, 0]
	[0, 2, 0, 1, 1, 0]
	[0, 0, 2, 1, 0, 1]

(270)  8 ≥ 
	[3, 1, 1, 0, 0, 0]
	[2, 1, 0, 2, 1, 0]
	[2, 0, 1, 1, 1, 1]
	[0, 1, 0, 0, 2, 1]
	[0, 0, 2, 2, 0, 0]

(271)  13 ≥ 
	[5, 0, 0, 0, 0, 0]
	[1, 4, 2, 2, 0, 0]
	[0, 4, 0, 0, 3, 1]
	[0, 2, 3, 0, 0, 3]
	[0, 0, 3, 2, 3, 0]

(272)  8 ≥ 
	[4, 0, 0, 0, 0, 0]
	[2, 2, 2, 0, 0, 0]
	[1, 1, 1, 2, 0, 0]
	[0, 2, 0, 0, 2, 0]
	[0, 0, 2, 0, 0, 2]

(273)  10 ≥ 
	[4, 2, 0, 0, 0, 0]
	[2, 0, 2, 2, 0, 0]
	[1, 3, 2, 0, 1, 0]
	[0, 3, 0, 2, 0, 1]
	[0, 0, 0, 0, 4, 0]

(274)  7 ≥ 
	[3, 1, 0, 0, 0, 0]
	[2, 0, 2, 1, 0, 0]
	[1, 0, 1, 0, 2, 0]
	[0, 1, 3, 0, 0, 0]
	[0, 0, 0, 3, 0, 0]

(275)  9 ≥ 
	[3, 2, 1, 0, 0, 0]
	[3, 0, 0, 2, 1, 0]
	[2, 1, 1, 2, 0, 1]
	[0, 3, 0, 2, 0, 0]
	[0, 0, 1, 0, 2, 1]

(276)  5 ≥ 
	[2, 1, 0, 0, 0, 0]
	[1, 1, 1, 1, 0, 0]
	[1, 0, 2, 0, 0, 0]
	[0, 2, 1, 0, 0, 0]
	[0, 0, 0, 2, 0, 0]

(277)  4 ≥ 
	[2, 0, 0, 0, 0, 0]
	[2, 0, 0, 0, 0, 0]
	[1, 1, 1, 0, 0, 0]
	[0, 1, 0, 1, 0, 0]
	[0, 0, 1, 0, 1, 0]

(278)  8 ≥ 
	[3, 2, 0, 0, 0, 0]
	[2, 1, 1, 1, 1, 0]
	[2, 0, 3, 0, 0, 0]
	[0, 2, 2, 1, 0, 0]
	[0, 0, 0, 0, 1, 2]

(279)  3 ≥ 
	[1, 1, 0, 0, 0, 0]
	[1, 0, 1, 0, 0, 0]
	[0, 1, 1, 0, 0, 0]
	[0, 0, 0, 1, 0, 0]
	[0, 0, 0, 0, 1, 0]

(280)  7 ≥ 
	[3, 1, 0, 0, 0, 0]
	[1, 1, 1, 1, 1, 0]
	[1, 0, 1, 0, 0, 2]
	[0, 1, 0, 2, 0, 1]
	[0, 0, 0, 0, 3, 0]

(281)  5 ≥ 
	[2, 1, 0, 0, 0, 0]
	[1, 1, 1, 1, 0, 0]
	[1, 0, 2, 0, 0, 0]
	[0, 2, 1, 0, 0, 0]
	[0, 0, 0, 1, 1, 0]

(282)  7 ≥ 
	[3, 0, 0, 0, 0, 0]
	[1, 2, 1, 1, 0, 0]
	[1, 1, 1, 0, 1, 1]
	[0, 1, 0, 1, 2, 0]
	[0, 0, 2, 1, 0, 1]

(283)  7 ≥ 
	[3, 1, 0, 0, 0, 0]
	[2, 0, 2, 1, 0, 0]
	[1, 1, 1, 1, 1, 0]
	[0, 1, 2, 0, 0, 1]
	[0, 0, 0, 3, 0, 0]

(284)  7 ≥ 
	[3, 0, 0, 0, 0, 0]
	[1, 2, 2, 0, 0, 0]
	[0, 2, 0, 2, 0, 0]
	[0, 1, 1, 0, 2, 0]
	[0, 0, 2, 1, 0, 1]

(285)  7 ≥ 
	[3, 1, 0, 0, 0, 0]
	[2, 0, 1, 1, 1, 0]
	[1, 2, 1, 1, 0, 0]
	[0, 1, 1, 0, 1, 1]
	[0, 0, 0, 3, 0, 0]

(286)  5 ≥ 
	[2, 1, 0, 0, 0, 0]
	[1, 1, 1, 1, 0, 0]
	[1, 0, 1, 0, 1, 0]
	[0, 1, 2, 0, 0, 0]
	[0, 0, 0, 1, 0, 1]

(287)  8 ≥ 
	[4, 0, 0, 0, 0, 0]
	[2, 2, 2, 0, 0, 0]
	[1, 1, 1, 2, 0, 0]
	[0, 4, 0, 0, 0, 0]
	[0, 0, 2, 0, 2, 0]

(288)  9 ≥ 
	[3, 2, 1, 0, 0, 0]
	[3, 0, 0, 2, 1, 0]
	[2, 0, 0, 0, 0, 3]
	[0, 2, 0, 2, 0, 1]
	[0, 0, 3, 0, 1, 0]

(289)  7 ≥ 
	[3, 0, 0, 0, 0, 0]
	[1, 2, 1, 1, 0, 0]
	[1, 1, 2, 0, 1, 0]
	[0, 2, 0, 0, 2, 0]
	[0, 0, 1, 2, 1, 0]

(290)  5 ≥ 
	[1, 1, 1, 0, 0, 0]
	[1, 1, 1, 0, 0, 0]
	[1, 0, 0, 1, 1, 0]
	[0, 1, 0, 1, 0, 1]
	[0, 0, 1, 0, 1, 1]

(291)  9 ≥ 
	[2, 2, 2, 0, 0, 0]
	[2, 2, 0, 2, 0, 0]
	[2, 0, 1, 1, 2, 0]
	[0, 2, 0, 0, 2, 1]
	[0, 0, 2, 2, 0, 1]

(292)  8 ≥ 
	[3, 2, 0, 0, 0, 0]
	[2, 0, 2, 1, 0, 0]
	[1, 2, 2, 0, 1, 0]
	[0, 2, 1, 1, 0, 1]
	[0, 0, 0, 0, 3, 0]

(293)  4 ≥ 
	[2, 0, 0, 0, 0, 0]
	[1, 1, 1, 0, 0, 0]
	[1, 0, 0, 1, 0, 0]
	[0, 2, 0, 0, 0, 0]
	[0, 0, 1, 0, 1, 0]

(294)  8 ≥ 
	[4, 0, 0, 0, 0, 0]
	[2, 2, 1, 1, 0, 0]
	[1, 1, 3, 0, 0, 0]
	[0, 4, 0, 0, 0, 0]
	[0, 0, 1, 1, 2, 0]

(295)  6 ≥ 
	[2, 1, 1, 0, 0, 0]
	[2, 0, 0, 1, 0, 0]
	[1, 2, 0, 0, 1, 0]
	[0, 2, 1, 1, 0, 0]
	[0, 0, 1, 0, 1, 1]

(296)  9 ≥ 
	[3, 2, 1, 0, 0, 0]
	[3, 0, 0, 1, 1, 1]
	[2, 0, 1, 3, 0, 0]
	[0, 2, 0, 2, 1, 0]
	[0, 0, 1, 0, 0, 3]

(297)  12 ≥ 
	[4, 2, 2, 0, 0, 0]
	[4, 0, 0, 2, 2, 0]
	[3, 3, 0, 2, 0, 1]
	[0, 3, 0, 0, 3, 0]
	[0, 0, 3, 2, 0, 1]

(298)  7 ≥ 
	[3, 1, 0, 0, 0, 0]
	[2, 0, 2, 1, 0, 0]
	[1, 0, 1, 0, 2, 0]
	[0, 2, 2, 0, 0, 0]
	[0, 0, 0, 1, 0, 2]

(299)  9 ≥ 
	[3, 2, 1, 0, 0, 0]
	[3, 0, 0, 2, 1, 0]
	[2, 1, 2, 2, 0, 0]
	[0, 3, 0, 2, 0, 0]
	[0, 0, 2, 0, 2, 0]

(300)  10 ≥ 
	[3, 2, 2, 0, 0, 0]
	[3, 1, 0, 2, 1, 0]
	[3, 0, 1, 1, 0, 2]
	[0, 2, 0, 0, 1, 2]
	[0, 0, 2, 3, 0, 0]

(301)  10 ≥ 
	[4, 2, 0, 0, 0, 0]
	[3, 0, 3, 1, 0, 0]
	[2, 0, 1, 0, 3, 0]
	[0, 2, 3, 0, 1, 0]
	[0, 0, 0, 4, 0, 0]

(302)  5 ≥ 
	[2, 1, 0, 0, 0, 0]
	[1, 0, 1, 1, 0, 0]
	[0, 1, 2, 0, 0, 0]
	[0, 1, 0, 2, 0, 0]
	[0, 0, 0, 0, 2, 0]

(303)  5 ≥ 
	[2, 1, 0, 0, 0, 0]
	[2, 0, 1, 0, 0, 0]
	[1, 1, 1, 1, 0, 0]
	[0, 2, 1, 0, 0, 0]
	[0, 0, 0, 1, 1, 0]

(304)  13 ≥ 
	[5, 2, 1, 0, 0, 0]
	[3, 0, 0, 3, 2, 0]
	[2, 4, 0, 0, 2, 1]
	[0, 4, 1, 3, 0, 0]
	[0, 0, 0, 0, 0, 5]

(305)  7 ≥ 
	[3, 1, 0, 0, 0, 0]
	[2, 0, 1, 1, 1, 0]
	[1, 0, 3, 0, 0, 0]
	[0, 1, 1, 1, 0, 1]
	[0, 0, 0, 0, 3, 0]

(306)  7 ≥ 
	[3, 0, 0, 0, 0, 0]
	[1, 2, 2, 0, 0, 0]
	[0, 2, 0, 1, 1, 0]
	[0, 2, 0, 1, 0, 1]
	[0, 0, 2, 0, 1, 1]

(307)  7 ≥ 
	[3, 1, 0, 0, 0, 0]
	[2, 0, 1, 1, 1, 0]
	[1, 2, 1, 1, 0, 0]
	[0, 1, 2, 0, 1, 0]
	[0, 0, 0, 3, 0, 0]

(308)  8 ≥ 
	[3, 1, 1, 0, 0, 0]
	[1, 1, 1, 1, 1, 1]
	[1, 0, 0, 3, 0, 0]
	[0, 3, 0, 0, 1, 0]
	[0, 0, 3, 0, 0, 1]

(309)  8 ≥ 
	[3, 2, 0, 0, 0, 0]
	[2, 0, 2, 1, 0, 0]
	[1, 2, 2, 0, 1, 0]
	[0, 3, 1, 1, 0, 0]
	[0, 0, 0, 0, 3, 0]

(310)  5 ≥ 
	[2, 1, 0, 0, 0, 0]
	[2, 0, 1, 0, 0, 0]
	[1, 0, 0, 1, 1, 0]
	[0, 1, 1, 1, 0, 0]
	[0, 0, 0, 0, 0, 2]

(311)  8 ≥ 
	[3, 1, 0, 0, 0, 0]
	[1, 0, 2, 1, 1, 0]
	[0, 2, 2, 0, 0, 1]
	[0, 2, 0, 2, 1, 0]
	[0, 0, 0, 1, 0, 3]

(312)  12 ≥ 
	[4, 2, 2, 0, 0, 0]
	[4, 0, 0, 2, 1, 1]
	[3, 2, 0, 1, 3, 0]
	[0, 2, 0, 4, 0, 0]
	[0, 0, 2, 0, 3, 1]

(313)  6 ≥ 
	[2, 1, 1, 0, 0, 0]
	[2, 0, 0, 1, 1, 0]
	[1, 1, 0, 1, 0, 1]
	[0, 1, 0, 0, 2, 0]
	[0, 0, 2, 1, 0, 0]

(314)  8 ≥ 
	[4, 0, 0, 0, 0, 0]
	[2, 1, 1, 1, 1, 0]
	[1, 3, 1, 0, 0, 0]
	[0, 1, 0, 1, 0, 2]
	[0, 0, 1, 0, 3, 0]

(315)  8 ≥ 
	[4, 0, 0, 0, 0, 0]
	[2, 2, 1, 1, 0, 0]
	[1, 1, 3, 0, 0, 0]
	[0, 2, 0, 0, 2, 0]
	[0, 0, 1, 3, 0, 0]

(316)  7 ≥ 
	[3, 1, 0, 0, 0, 0]
	[2, 0, 2, 1, 0, 0]
	[1, 1, 1, 2, 0, 0]
	[0, 1, 3, 0, 0, 0]
	[0, 0, 0, 1, 2, 0]

(317)  9 ≥ 
	[3, 2, 0, 0, 0, 0]
	[2, 0, 2, 1, 1, 0]
	[1, 2, 2, 2, 0, 0]
	[0, 2, 2, 0, 1, 1]
	[0, 0, 0, 3, 0, 1]

(318)  8 ≥ 
	[3, 0, 0, 0, 0, 0]
	[1, 2, 2, 1, 0, 0]
	[0, 2, 1, 0, 2, 0]
	[0, 2, 0, 2, 0, 1]
	[0, 0, 2, 2, 1, 0]

(319)  4 ≥ 
	[2, 0, 0, 0, 0, 0]
	[1, 1, 1, 0, 0, 0]
	[1, 1, 0, 1, 0, 0]
	[0, 1, 0, 0, 1, 0]
	[0, 0, 1, 1, 0, 0]

(320)  6 ≥ 
	[2, 2, 0, 0, 0, 0]
	[2, 0, 1, 1, 0, 0]
	[1, 1, 1, 0, 1, 0]
	[0, 2, 1, 1, 0, 0]
	[0, 0, 0, 0, 0, 2]

(321)  5 ≥ 
	[2, 1, 0, 0, 0, 0]
	[2, 0, 1, 0, 0, 0]
	[1, 1, 1, 1, 0, 0]
	[0, 1, 1, 0, 1, 0]
	[0, 0, 0, 2, 0, 0]

(322)  10 ≥ 
	[4, 2, 0, 0, 0, 0]
	[2, 1, 2, 1, 1, 0]
	[2, 0, 0, 2, 0, 2]
	[0, 2, 2, 0, 0, 2]
	[0, 0, 0, 0, 4, 0]

(323)  5 ≥ 
	[2, 1, 0, 0, 0, 0]
	[1, 1, 1, 1, 0, 0]
	[1, 0, 1, 0, 1, 0]
	[0, 2, 1, 0, 0, 0]
	[0, 0, 0, 1, 0, 1]

(324)  7 ≥ 
	[3, 1, 0, 0, 0, 0]
	[2, 0, 1, 1, 1, 0]
	[1, 0, 1, 0, 0, 2]
	[0, 1, 1, 2, 0, 0]
	[0, 0, 0, 0, 3, 0]

(325)  9 ≥ 
	[3, 2, 1, 0, 0, 0]
	[3, 0, 0, 2, 1, 0]
	[2, 2, 0, 2, 0, 1]
	[0, 2, 1, 2, 1, 0]
	[0, 0, 0, 0, 0, 3]

(326)  8 ≥ 
	[3, 1, 1, 0, 0, 0]
	[2, 1, 0, 2, 1, 0]
	[2, 0, 1, 1, 2, 0]
	[0, 2, 0, 0, 2, 0]
	[0, 0, 1, 3, 0, 0]

(327)  7 ≥ 
	[3, 1, 0, 0, 0, 0]
	[2, 0, 1, 1, 1, 0]
	[1, 1, 2, 1, 0, 0]
	[0, 1, 0, 2, 1, 0]
	[0, 0, 1, 0, 0, 2]

(328)  15 ≥ 
	[5, 3, 2, 0, 0, 0]
	[5, 0, 0, 3, 2, 0]
	[4, 2, 0, 0, 3, 2]
	[0, 3, 0, 3, 0, 2]
	[0, 0, 2, 0, 5, 0]

(329)  7 ≥ 
	[2, 2, 1, 0, 0, 0]
	[2, 0, 0, 1, 1, 0]
	[1, 0, 2, 0, 0, 1]
	[0, 2, 0, 1, 0, 1]
	[0, 1, 1, 0, 2, 0]

(330)  6 ≥ 
	[3, 0, 0, 0, 0, 0]
	[1, 1, 1, 1, 0, 0]
	[1, 1, 0, 0, 1, 1]
	[0, 0, 2, 0, 1, 0]
	[0, 0, 0, 1, 0, 2]

(331)  7 ≥ 
	[3, 1, 0, 0, 0, 0]
	[2, 0, 1, 1, 1, 0]
	[1, 1, 2, 1, 0, 0]
	[0, 1, 1, 0, 2, 0]
	[0, 0, 0, 3, 0, 0]

(332)  7 ≥ 
	[3, 0, 0, 0, 0, 0]
	[1, 2, 1, 1, 0, 0]
	[0, 2, 0, 0, 2, 0]
	[0, 1, 1, 0, 0, 2]
	[0, 0, 2, 1, 1, 0]

(333)  10 ≥ 
	[4, 2, 0, 0, 0, 0]
	[3, 0, 2, 1, 1, 0]
	[2, 0, 0, 1, 0, 3]
	[0, 2, 2, 1, 0, 1]
	[0, 0, 0, 0, 4, 0]

(334)  9 ≥ 
	[3, 3, 0, 0, 0, 0]
	[3, 0, 2, 1, 0, 0]
	[2, 2, 2, 0, 1, 0]
	[0, 3, 2, 1, 0, 0]
	[0, 0, 0, 0, 1, 2]

(335)  7 ≥ 
	[3, 1, 0, 0, 0, 0]
	[2, 0, 2, 1, 0, 0]
	[1, 0, 1, 0, 2, 0]
	[0, 1, 2, 0, 0, 1]
	[0, 0, 0, 3, 0, 0]

(336)  8 ≥ 
	[3, 2, 0, 0, 0, 0]
	[2, 0, 2, 1, 0, 0]
	[1, 2, 1, 1, 1, 0]
	[0, 2, 2, 0, 0, 1]
	[0, 0, 0, 0, 3, 0]

(337)  8 ≥ 
	[3, 2, 0, 0, 0, 0]
	[2, 0, 2, 1, 0, 0]
	[1, 0, 0, 0, 3, 0]
	[0, 2, 2, 0, 1, 0]
	[0, 1, 0, 3, 0, 0]

(338)  9 ≥ 
	[3, 2, 1, 0, 0, 0]
	[3, 0, 0, 2, 1, 0]
	[2, 1, 1, 2, 0, 1]
	[0, 3, 0, 2, 0, 0]
	[0, 0, 1, 0, 1, 2]

(339)  8 ≥ 
	[3, 1, 0, 0, 0, 0]
	[2, 0, 2, 1, 1, 0]
	[1, 1, 2, 1, 0, 1]
	[0, 2, 2, 0, 1, 0]
	[0, 0, 0, 2, 1, 1]

(340)  10 ≥ 
	[4, 2, 0, 0, 0, 0]
	[3, 0, 3, 1, 0, 0]
	[2, 2, 2, 2, 0, 0]
	[0, 2, 3, 0, 1, 0]
	[0, 0, 0, 4, 0, 0]

(341)  12 ≥ 
	[4, 2, 2, 0, 0, 0]
	[4, 0, 0, 2, 2, 0]
	[3, 3, 0, 3, 0, 0]
	[0, 3, 0, 0, 2, 1]
	[0, 0, 2, 4, 0, 0]

(342)  4 ≥ 
	[1, 1, 1, 0, 0, 0]
	[1, 1, 0, 1, 0, 0]
	[1, 0, 1, 1, 0, 0]
	[0, 1, 1, 1, 0, 0]
	[0, 0, 0, 0, 1, 0]

(343)  7 ≥ 
	[2, 2, 1, 0, 0, 0]
	[2, 1, 0, 1, 1, 0]
	[2, 0, 0, 0, 0, 2]
	[0, 2, 0, 1, 0, 1]
	[0, 0, 2, 0, 1, 0]

(344)  7 ≥ 
	[3, 1, 0, 0, 0, 0]
	[2, 0, 1, 1, 1, 0]
	[1, 0, 3, 0, 0, 0]
	[0, 2, 1, 1, 0, 0]
	[0, 0, 0, 0, 3, 0]

(345)  6 ≥ 
	[2, 1, 1, 0, 0, 0]
	[2, 0, 0, 1, 1, 0]
	[1, 2, 0, 1, 0, 0]
	[0, 1, 0, 0, 2, 0]
	[0, 0, 2, 1, 0, 0]

(346)  8 ≥ 
	[3, 2, 0, 0, 0, 0]
	[2, 0, 2, 1, 0, 0]
	[1, 0, 0, 0, 3, 0]
	[0, 2, 2, 0, 1, 0]
	[0, 1, 0, 1, 0, 2]

(347)  3 ≥ 
	[1, 1, 0, 0, 0, 0]
	[1, 0, 1, 0, 0, 0]
	[0, 1, 1, 0, 0, 0]
	[0, 0, 0, 1, 0, 0]
	[0, 0, 0, 1, 0, 0]

(348)  9 ≥ 
	[3, 3, 0, 0, 0, 0]
	[3, 0, 3, 0, 0, 0]
	[2, 2, 2, 1, 0, 0]
	[0, 3, 3, 0, 0, 0]
	[0, 0, 0, 3, 0, 0]

(349)  10 ≥ 
	[3, 3, 0, 0, 0, 0]
	[3, 0, 2, 1, 1, 0]
	[2, 2, 2, 1, 0, 1]
	[0, 2, 2, 0, 2, 0]
	[0, 0, 0, 3, 0, 1]

(350)  7 ≥ 
	[3, 1, 0, 0, 0, 0]
	[2, 0, 1, 1, 1, 0]
	[1, 1, 1, 1, 0, 1]
	[0, 1, 2, 0, 1, 0]
	[0, 0, 0, 3, 0, 0]

(351)  7 ≥ 
	[3, 1, 0, 0, 0, 0]
	[2, 0, 2, 1, 0, 0]
	[2, 0, 1, 0, 1, 1]
	[0, 1, 2, 0, 1, 0]
	[0, 0, 0, 2, 0, 1]

(352)  12 ≥ 
	[4, 2, 2, 0, 0, 0]
	[4, 0, 0, 2, 2, 0]
	[3, 3, 0, 3, 0, 0]
	[0, 4, 0, 0, 2, 0]
	[0, 0, 2, 3, 0, 1]

(353)  12 ≥ 
	[4, 2, 2, 0, 0, 0]
	[4, 0, 0, 2, 2, 0]
	[3, 2, 0, 1, 1, 2]
	[0, 2, 0, 4, 0, 0]
	[0, 0, 2, 0, 2, 2]

(354)  8 ≥ 
	[3, 1, 0, 0, 0, 0]
	[1, 0, 2, 2, 0, 0]
	[0, 2, 2, 0, 1, 0]
	[0, 2, 0, 2, 0, 1]
	[0, 0, 1, 0, 0, 3]

(355)  8 ≥ 
	[3, 1, 0, 0, 0, 0]
	[1, 0, 2, 2, 0, 0]
	[1, 0, 1, 0, 2, 1]
	[0, 1, 0, 2, 2, 0]
	[0, 0, 0, 1, 0, 3]

(356)  9 ≥ 
	[3, 2, 0, 0, 0, 0]
	[2, 0, 2, 1, 1, 0]
	[1, 2, 2, 2, 0, 0]
	[0, 2, 2, 0, 1, 1]
	[0, 0, 0, 2, 0, 2]

(357)  8 ≥ 
	[3, 1, 1, 0, 0, 0]
	[1, 1, 1, 1, 1, 1]
	[1, 0, 0, 3, 0, 0]
	[0, 1, 0, 0, 3, 0]
	[0, 0, 1, 0, 0, 3]

(358)  6 ≥ 
	[3, 0, 0, 0, 0, 0]
	[1, 1, 1, 1, 0, 0]
	[0, 3, 0, 0, 0, 0]
	[0, 0, 3, 0, 0, 0]
	[0, 0, 0, 3, 0, 0]

(359)  8 ≥ 
	[3, 1, 1, 0, 0, 0]
	[2, 0, 0, 2, 1, 0]
	[1, 0, 0, 0, 0, 3]
	[0, 3, 0, 0, 1, 0]
	[0, 1, 1, 2, 0, 1]

(360)  8 ≥ 
	[4, 0, 0, 0, 0, 0]
	[2, 1, 1, 1, 1, 0]
	[1, 3, 1, 0, 0, 0]
	[0, 1, 0, 3, 0, 0]
	[0, 0, 3, 0, 1, 0]

(361)  9 ≥ 
	[3, 2, 1, 0, 0, 0]
	[3, 0, 0, 1, 1, 1]
	[2, 0, 1, 3, 0, 0]
	[0, 2, 0, 2, 1, 0]
	[0, 0, 3, 0, 0, 1]

(362)  6 ≥ 
	[2, 2, 0, 0, 0, 0]
	[2, 0, 1, 1, 0, 0]
	[1, 1, 2, 0, 0, 0]
	[0, 2, 1, 1, 0, 0]
	[0, 0, 0, 0, 2, 0]

(363)  7 ≥ 
	[3, 0, 0, 0, 0, 0]
	[1, 2, 1, 1, 0, 0]
	[1, 1, 2, 0, 1, 0]
	[0, 2, 0, 0, 1, 1]
	[0, 0, 1, 1, 2, 0]

(364)  5 ≥ 
	[2, 1, 0, 0, 0, 0]
	[1, 0, 1, 1, 0, 0]
	[0, 1, 1, 0, 1, 0]
	[0, 1, 0, 1, 1, 0]
	[0, 0, 0, 0, 0, 2]

(365)  6 ≥ 
	[2, 1, 1, 0, 0, 0]
	[2, 0, 0, 1, 0, 0]
	[1, 1, 0, 0, 1, 1]
	[0, 1, 1, 1, 1, 0]
	[0, 0, 1, 0, 0, 2]

(366)  10 ≥ 
	[4, 0, 0, 0, 0, 0]
	[1, 3, 2, 1, 0, 0]
	[0, 3, 0, 0, 2, 1]
	[0, 1, 2, 0, 0, 3]
	[0, 0, 3, 1, 2, 0]

(367)  8 ≥ 
	[3, 1, 0, 0, 0, 0]
	[2, 0, 2, 1, 1, 0]
	[1, 1, 2, 1, 0, 1]
	[0, 1, 2, 0, 2, 0]
	[0, 0, 0, 1, 1, 2]

(368)  10 ≥ 
	[4, 2, 0, 0, 0, 0]
	[3, 0, 3, 1, 0, 0]
	[2, 0, 1, 0, 2, 1]
	[0, 2, 3, 0, 0, 1]
	[0, 0, 0, 4, 0, 0]

(369)  7 ≥ 
	[3, 0, 0, 0, 0, 0]
	[1, 2, 1, 1, 0, 0]
	[1, 1, 1, 0, 2, 0]
	[0, 2, 0, 0, 1, 1]
	[0, 0, 1, 2, 1, 0]

(370)  7 ≥ 
	[3, 0, 0, 0, 0, 0]
	[1, 2, 1, 1, 0, 0]
	[1, 1, 1, 0, 1, 1]
	[0, 1, 0, 2, 1, 0]
	[0, 0, 2, 1, 0, 1]

(371)  10 ≥ 
	[4, 2, 0, 0, 0, 0]
	[3, 0, 2, 1, 1, 0]
	[2, 2, 2, 1, 0, 1]
	[0, 3, 2, 0, 1, 0]
	[0, 0, 0, 1, 0, 3]

(372)  6 ≥ 
	[3, 0, 0, 0, 0, 0]
	[1, 1, 1, 1, 0, 0]
	[0, 3, 0, 0, 0, 0]
	[0, 0, 1, 0, 2, 0]
	[0, 0, 0, 1, 2, 0]

(373)  6 ≥ 
	[3, 0, 0, 0, 0, 0]
	[2, 1, 1, 0, 0, 0]
	[2, 0, 0, 1, 1, 0]
	[0, 2, 0, 1, 0, 0]
	[0, 0, 1, 0, 1, 1]

(374)  7 ≥ 
	[3, 0, 0, 0, 0, 0]
	[1, 2, 2, 0, 0, 0]
	[1, 1, 1, 1, 1, 0]
	[0, 2, 0, 2, 0, 0]
	[0, 0, 2, 1, 0, 1]

(375)  8 ≥ 
	[3, 1, 1, 0, 0, 0]
	[2, 0, 0, 2, 1, 0]
	[1, 0, 0, 0, 0, 3]
	[0, 1, 1, 2, 0, 1]
	[0, 1, 0, 0, 3, 0]

(376)  7 ≥ 
	[3, 1, 0, 0, 0, 0]
	[3, 0, 1, 0, 0, 0]
	[2, 0, 0, 2, 1, 0]
	[0, 1, 1, 2, 0, 0]
	[0, 0, 0, 0, 3, 0]

(377)  5 ≥ 
	[2, 1, 0, 0, 0, 0]
	[1, 0, 2, 0, 0, 0]
	[1, 0, 0, 1, 1, 0]
	[0, 1, 1, 1, 0, 0]
	[0, 0, 0, 0, 2, 0]

(378)  8 ≥ 
	[3, 1, 0, 0, 0, 0]
	[2, 0, 2, 1, 1, 0]
	[1, 1, 2, 2, 0, 0]
	[0, 1, 2, 0, 1, 1]
	[0, 0, 0, 3, 1, 0]

(379)  8 ≥ 
	[2, 2, 1, 1, 0, 0]
	[2, 1, 2, 0, 1, 0]
	[2, 0, 0, 1, 2, 0]
	[0, 2, 0, 0, 1, 1]
	[0, 0, 2, 2, 0, 0]

(380)  8 ≥ 
	[4, 0, 0, 0, 0, 0]
	[2, 2, 1, 1, 0, 0]
	[1, 1, 3, 0, 0, 0]
	[0, 4, 0, 0, 0, 0]
	[0, 0, 1, 3, 0, 0]

(381)  8 ≥ 
	[3, 2, 0, 0, 0, 0]
	[2, 0, 2, 1, 0, 0]
	[1, 2, 1, 1, 1, 0]
	[0, 2, 3, 0, 0, 0]
	[0, 0, 0, 0, 3, 0]

(382)  5 ≥ 
	[2, 1, 0, 0, 0, 0]
	[1, 1, 1, 1, 0, 0]
	[1, 0, 1, 0, 1, 0]
	[0, 1, 1, 0, 1, 0]
	[0, 0, 0, 2, 0, 0]

(383)  8 ≥ 
	[3, 2, 0, 0, 0, 0]
	[2, 1, 2, 1, 0, 0]
	[2, 0, 1, 0, 1, 1]
	[0, 2, 2, 0, 1, 0]
	[0, 0, 0, 3, 0, 0]

(384)  12 ≥ 
	[4, 2, 2, 0, 0, 0]
	[4, 0, 0, 2, 2, 0]
	[3, 1, 1, 2, 0, 2]
	[0, 2, 0, 4, 0, 0]
	[0, 0, 2, 0, 2, 2]

(385)  7 ≥ 
	[2, 1, 1, 1, 0, 0]
	[2, 0, 0, 0, 1, 1]
	[1, 2, 1, 0, 1, 0]
	[0, 2, 0, 1, 0, 1]
	[0, 0, 1, 1, 2, 0]

(386)  10 ≥ 
	[4, 2, 0, 0, 0, 0]
	[3, 0, 3, 1, 0, 0]
	[2, 2, 2, 1, 1, 0]
	[0, 3, 3, 0, 0, 0]
	[0, 0, 0, 1, 1, 2]

(387)  9 ≥ 
	[3, 2, 0, 0, 0, 0]
	[2, 1, 2, 2, 0, 0]
	[2, 0, 2, 0, 1, 1]
	[0, 2, 2, 1, 1, 0]
	[0, 0, 0, 3, 0, 1]

(388)  7 ≥ 
	[2, 1, 1, 1, 0, 0]
	[2, 0, 0, 0, 1, 1]
	[1, 2, 1, 0, 1, 0]
	[0, 2, 0, 1, 0, 1]
	[0, 0, 1, 2, 1, 0]

(389)  5 ≥ 
	[2, 1, 0, 0, 0, 0]
	[1, 0, 1, 1, 0, 0]
	[0, 1, 2, 0, 0, 0]
	[0, 1, 0, 1, 1, 0]
	[0, 0, 0, 0, 2, 0]

(390)  6 ≥ 
	[2, 1, 1, 0, 0, 0]
	[2, 0, 0, 1, 0, 0]
	[1, 2, 0, 0, 1, 0]
	[0, 2, 1, 1, 0, 0]
	[0, 0, 1, 0, 2, 0]

(391)  7 ≥ 
	[3, 0, 0, 0, 0, 0]
	[1, 2, 1, 1, 0, 0]
	[0, 2, 0, 0, 2, 0]
	[0, 1, 1, 0, 0, 2]
	[0, 0, 1, 2, 1, 0]

(392)  8 ≥ 
	[3, 2, 0, 0, 0, 0]
	[2, 1, 1, 1, 1, 0]
	[2, 0, 2, 0, 0, 1]
	[0, 2, 1, 1, 0, 1]
	[0, 0, 0, 0, 3, 0]

(393)  12 ≥ 
	[4, 2, 2, 0, 0, 0]
	[4, 0, 0, 2, 2, 0]
	[3, 2, 0, 3, 0, 1]
	[0, 3, 0, 0, 2, 1]
	[0, 0, 3, 3, 0, 0]

(394)  10 ≥ 
	[4, 2, 0, 0, 0, 0]
	[3, 0, 3, 1, 0, 0]
	[2, 2, 2, 1, 1, 0]
	[0, 3, 3, 0, 0, 0]
	[0, 0, 0, 1, 3, 0]

(395)  7 ≥ 
	[3, 1, 0, 0, 0, 0]
	[2, 0, 2, 1, 0, 0]
	[2, 0, 1, 0, 1, 1]
	[0, 1, 2, 0, 1, 0]
	[0, 0, 0, 1, 0, 2]

(396)  8 ≥ 
	[3, 2, 0, 0, 0, 0]
	[2, 0, 2, 1, 0, 0]
	[1, 1, 0, 2, 1, 0]
	[0, 2, 2, 0, 1, 0]
	[0, 0, 0, 0, 0, 3]

(397)  7 ≥ 
	[3, 1, 0, 0, 0, 0]
	[1, 1, 1, 1, 1, 0]
	[1, 0, 1, 0, 0, 2]
	[0, 2, 0, 1, 0, 1]
	[0, 0, 0, 0, 3, 0]

(398)  7 ≥ 
	[2, 2, 1, 0, 0, 0]
	[2, 1, 0, 1, 1, 0]
	[2, 0, 1, 1, 0, 1]
	[0, 2, 0, 1, 0, 1]
	[0, 0, 2, 0, 1, 0]

(399)  10 ≥ 
	[3, 2, 2, 0, 0, 0]
	[3, 1, 0, 2, 1, 0]
	[3, 0, 1, 0, 2, 1]
	[0, 3, 0, 0, 2, 0]
	[0, 0, 2, 2, 0, 1]

(400)  5 ≥ 
	[2, 1, 0, 0, 0, 0]
	[1, 0, 2, 0, 0, 0]
	[1, 0, 0, 1, 1, 0]
	[0, 1, 1, 1, 0, 0]
	[0, 0, 0, 0, 0, 2]

(401)  10 ≥ 
	[4, 2, 0, 0, 0, 0]
	[3, 0, 2, 1, 1, 0]
	[2, 2, 2, 2, 0, 0]
	[0, 3, 2, 0, 1, 0]
	[0, 0, 0, 4, 0, 0]

(402)  8 ≥ 
	[3, 1, 1, 0, 0, 0]
	[2, 1, 0, 2, 1, 0]
	[2, 0, 1, 1, 1, 1]
	[0, 1, 0, 0, 2, 1]
	[0, 0, 1, 3, 0, 0]

(403)  10 ≥ 
	[3, 2, 2, 0, 0, 0]
	[3, 0, 0, 2, 1, 0]
	[2, 3, 0, 0, 2, 0]
	[0, 3, 1, 2, 0, 0]
	[0, 0, 3, 0, 2, 0]

(404)  4 ≥ 
	[1, 1, 1, 0, 0, 0]
	[1, 1, 1, 0, 0, 0]
	[1, 0, 0, 1, 0, 0]
	[0, 1, 0, 0, 1, 0]
	[0, 0, 1, 0, 0, 1]

(405)  7 ≥ 
	[2, 2, 1, 0, 0, 0]
	[2, 1, 0, 1, 1, 0]
	[2, 0, 1, 2, 0, 0]
	[0, 2, 0, 2, 0, 0]
	[0, 0, 1, 0, 2, 0]

(406)  10 ≥ 
	[3, 2, 2, 0, 0, 0]
	[3, 0, 0, 2, 1, 0]
	[2, 3, 0, 0, 2, 0]
	[0, 3, 1, 2, 0, 0]
	[0, 0, 2, 0, 2, 1]

(407)  7 ≥ 
	[3, 1, 0, 0, 0, 0]
	[2, 0, 1, 1, 1, 0]
	[1, 1, 1, 1, 0, 1]
	[0, 2, 1, 0, 1, 0]
	[0, 0, 0, 3, 0, 0]

(408)  10 ≥ 
	[3, 3, 0, 0, 0, 0]
	[3, 0, 2, 1, 1, 0]
	[2, 2, 2, 2, 0, 0]
	[0, 2, 2, 0, 2, 0]
	[0, 0, 0, 2, 0, 2]

(409)  7 ≥ 
	[2, 2, 1, 0, 0, 0]
	[2, 0, 0, 2, 0, 0]
	[1, 1, 0, 0, 2, 0]
	[0, 2, 0, 2, 0, 0]
	[0, 0, 1, 0, 0, 2]

(410)  6 ≥ 
	[2, 1, 1, 0, 0, 0]
	[2, 0, 0, 1, 1, 0]
	[1, 1, 0, 1, 0, 1]
	[0, 2, 0, 0, 1, 0]
	[0, 0, 1, 2, 0, 0]

(411)  10 ≥ 
	[3, 2, 2, 0, 0, 0]
	[3, 0, 0, 2, 1, 0]
	[2, 3, 0, 0, 2, 0]
	[0, 3, 1, 2, 0, 0]
	[0, 0, 2, 0, 3, 0]

(412)  8 ≥ 
	[3, 1, 1, 0, 0, 0]
	[2, 1, 0, 2, 1, 0]
	[2, 0, 1, 1, 1, 1]
	[0, 2, 0, 0, 1, 1]
	[0, 0, 2, 2, 0, 0]

(413)  7 ≥ 
	[2, 2, 1, 0, 0, 0]
	[2, 1, 0, 1, 1, 0]
	[2, 0, 1, 2, 0, 0]
	[0, 2, 0, 2, 0, 0]
	[0, 0, 1, 0, 1, 1]

(414)  5 ≥ 
	[2, 1, 0, 0, 0, 0]
	[2, 0, 1, 0, 0, 0]
	[1, 1, 1, 1, 0, 0]
	[0, 1, 1, 0, 1, 0]
	[0, 0, 0, 1, 0, 1]

(415)  2 ≥ 
	[1, 0, 0, 0, 0, 0]
	[0, 1, 0, 0, 0, 0]
	[0, 0, 1, 0, 0, 0]
	[0, 0, 0, 1, 0, 0]
	[0, 0, 0, 0, 1, 0]

(416)  10 ≥ 
	[3, 2, 2, 0, 0, 0]
	[3, 0, 0, 2, 1, 0]
	[2, 2, 0, 0, 2, 1]
	[0, 2, 1, 2, 0, 1]
	[0, 0, 3, 0, 2, 0]

(417)  10 ≥ 
	[4, 0, 0, 0, 0, 0]
	[2, 2, 2, 2, 0, 0]
	[1, 2, 2, 0, 1, 1]
	[0, 3, 0, 2, 1, 0]
	[0, 0, 2, 3, 0, 1]

(418)  5 ≥ 
	[2, 1, 0, 0, 0, 0]
	[1, 0, 1, 1, 0, 0]
	[0, 1, 1, 0, 1, 0]
	[0, 1, 0, 1, 0, 1]
	[0, 0, 0, 0, 2, 0]

(419)  6 ≥ 
	[2, 1, 1, 0, 0, 0]
	[2, 0, 0, 1, 1, 0]
	[1, 1, 0, 1, 0, 1]
	[0, 2, 0, 0, 1, 0]
	[0, 0, 1, 1, 0, 1]

(420)  10 ≥ 
	[4, 2, 0, 0, 0, 0]
	[3, 0, 2, 1, 1, 0]
	[2, 0, 0, 4, 0, 0]
	[0, 2, 2, 2, 0, 0]
	[0, 0, 0, 0, 4, 0]

(421)  6 ≥ 
	[2, 1, 1, 0, 0, 0]
	[2, 0, 0, 1, 1, 0]
	[1, 1, 1, 1, 1, 0]
	[0, 2, 0, 1, 0, 0]
	[0, 0, 1, 0, 1, 1]

(422)  13 ≥ 
	[5, 0, 0, 0, 0, 0]
	[1, 4, 4, 0, 0, 0]
	[0, 4, 0, 3, 1, 0]
	[0, 2, 2, 0, 3, 1]
	[0, 0, 4, 3, 0, 1]

(423)  10 ≥ 
	[3, 3, 0, 0, 0, 0]
	[3, 0, 2, 1, 1, 0]
	[2, 2, 2, 2, 0, 0]
	[0, 2, 3, 0, 1, 0]
	[0, 0, 0, 2, 0, 2]

(424)  12 ≥ 
	[4, 2, 2, 0, 0, 0]
	[4, 0, 0, 2, 2, 0]
	[3, 3, 0, 3, 0, 0]
	[0, 3, 0, 0, 3, 0]
	[0, 0, 2, 4, 0, 0]

(425)  8 ≥ 
	[3, 1, 1, 0, 0, 0]
	[2, 0, 0, 2, 1, 0]
	[1, 2, 0, 0, 2, 0]
	[0, 2, 1, 2, 0, 0]
	[0, 0, 0, 0, 0, 3]

(426)  13 ≥ 
	[3, 3, 3, 0, 0, 0]
	[3, 2, 0, 3, 1, 0]
	[3, 0, 2, 1, 3, 0]
	[0, 3, 0, 0, 3, 1]
	[0, 0, 3, 3, 0, 1]

(427)  7 ≥ 
	[3, 1, 0, 0, 0, 0]
	[1, 2, 1, 1, 0, 0]
	[1, 0, 1, 0, 2, 0]
	[0, 2, 0, 0, 2, 0]
	[0, 0, 0, 3, 0, 0]

(428)  7 ≥ 
	[3, 1, 0, 0, 0, 0]
	[1, 2, 1, 1, 0, 0]
	[1, 0, 2, 0, 1, 0]
	[0, 2, 0, 0, 2, 0]
	[0, 0, 0, 3, 0, 0]

(429)  5 ≥ 
	[2, 1, 0, 0, 0, 0]
	[2, 0, 1, 0, 0, 0]
	[1, 0, 0, 2, 0, 0]
	[0, 1, 1, 1, 0, 0]
	[0, 0, 0, 0, 2, 0]

(430)  7 ≥ 
	[3, 1, 0, 0, 0, 0]
	[2, 0, 2, 1, 0, 0]
	[1, 1, 1, 2, 0, 0]
	[0, 2, 2, 0, 0, 0]
	[0, 0, 0, 1, 2, 0]

(431)  4 ≥ 
	[1, 1, 1, 0, 0, 0]
	[1, 1, 0, 1, 0, 0]
	[1, 0, 0, 0, 1, 0]
	[0, 1, 0, 0, 0, 1]
	[0, 0, 1, 1, 0, 0]

(432)  5 ≥ 
	[2, 1, 0, 0, 0, 0]
	[1, 1, 1, 1, 0, 0]
	[1, 0, 1, 0, 1, 0]
	[0, 1, 1, 0, 0, 1]
	[0, 0, 0, 2, 0, 0]

(433)  7 ≥ 
	[3, 1, 0, 0, 0, 0]
	[2, 0, 2, 1, 0, 0]
	[1, 1, 1, 1, 1, 0]
	[0, 2, 2, 0, 0, 0]
	[0, 0, 0, 3, 0, 0]

(434)  6 ≥ 
	[2, 1, 1, 0, 0, 0]
	[2, 0, 0, 1, 1, 0]
	[1, 2, 0, 1, 0, 0]
	[0, 1, 0, 0, 2, 0]
	[0, 0, 1, 2, 0, 0]

(435)  10 ≥ 
	[4, 2, 0, 0, 0, 0]
	[3, 0, 3, 1, 0, 0]
	[2, 2, 2, 2, 0, 0]
	[0, 2, 4, 0, 0, 0]
	[0, 0, 0, 2, 2, 0]

(436)  12 ≥ 
	[4, 2, 2, 0, 0, 0]
	[4, 0, 0, 2, 2, 0]
	[3, 3, 0, 2, 0, 1]
	[0, 4, 0, 0, 2, 0]
	[0, 0, 2, 3, 0, 1]

(437)  7 ≥ 
	[3, 0, 0, 0, 0, 0]
	[1, 2, 1, 1, 0, 0]
	[1, 1, 1, 0, 1, 1]
	[0, 2, 0, 0, 2, 0]
	[0, 0, 1, 2, 1, 0]

(438)  6 ≥ 
	[2, 1, 1, 0, 0, 0]
	[2, 0, 0, 1, 0, 0]
	[1, 1, 0, 0, 1, 1]
	[0, 1, 1, 1, 1, 0]
	[0, 0, 2, 0, 0, 1]

(439)  7 ≥ 
	[3, 1, 0, 0, 0, 0]
	[2, 0, 1, 1, 1, 0]
	[1, 0, 1, 0, 0, 2]
	[0, 2, 1, 1, 0, 0]
	[0, 0, 0, 0, 3, 0]

(440)  10 ≥ 
	[4, 0, 0, 0, 0, 0]
	[1, 3, 2, 1, 0, 0]
	[0, 3, 0, 0, 3, 0]
	[0, 2, 0, 3, 0, 1]
	[0, 0, 2, 1, 2, 1]

(441)  8 ≥ 
	[3, 2, 0, 0, 0, 0]
	[2, 1, 1, 1, 1, 0]
	[2, 0, 3, 0, 0, 0]
	[0, 2, 2, 1, 0, 0]
	[0, 0, 0, 0, 3, 0]

(442)  10 ≥ 
	[4, 0, 0, 0, 0, 0]
	[2, 2, 2, 2, 0, 0]
	[1, 3, 3, 0, 0, 0]
	[0, 3, 0, 2, 1, 0]
	[0, 0, 3, 2, 0, 1]

(443)  10 ≥ 
	[4, 0, 0, 0, 0, 0]
	[1, 3, 3, 0, 0, 0]
	[0, 3, 0, 3, 0, 0]
	[0, 2, 1, 0, 3, 0]
	[0, 0, 3, 2, 1, 0]

(444)  6 ≥ 
	[2, 1, 1, 0, 0, 0]
	[2, 0, 0, 1, 1, 0]
	[1, 2, 0, 1, 0, 0]
	[0, 2, 0, 0, 1, 0]
	[0, 0, 1, 2, 0, 0]

(445)  9 ≥ 
	[3, 2, 1, 0, 0, 0]
	[3, 0, 0, 2, 1, 0]
	[2, 1, 0, 0, 1, 2]
	[0, 2, 0, 2, 0, 1]
	[0, 0, 3, 0, 1, 0]

(446)  8 ≥ 
	[3, 1, 0, 0, 0, 0]
	[2, 0, 2, 1, 1, 0]
	[1, 1, 2, 2, 0, 0]
	[0, 2, 2, 0, 1, 0]
	[0, 0, 0, 2, 2, 0]

(447)  7 ≥ 
	[3, 1, 0, 0, 0, 0]
	[2, 0, 1, 1, 1, 0]
	[1, 2, 1, 1, 0, 0]
	[0, 1, 1, 0, 2, 0]
	[0, 0, 0, 3, 0, 0]

(448)  9 ≥ 
	[3, 2, 1, 0, 0, 0]
	[3, 0, 0, 1, 1, 1]
	[2, 2, 0, 2, 1, 0]
	[0, 2, 0, 0, 2, 1]
	[0, 0, 1, 3, 0, 0]

(449)  8 ≥ 
	[3, 2, 0, 0, 0, 0]
	[2, 1, 2, 1, 0, 0]
	[2, 0, 1, 0, 2, 0]
	[0, 2, 2, 0, 1, 0]
	[0, 0, 0, 1, 0, 2]

(450)  6 ≥ 
	[2, 1, 1, 0, 0, 0]
	[2, 0, 0, 1, 1, 0]
	[1, 2, 0, 1, 0, 0]
	[0, 1, 1, 1, 1, 0]
	[0, 0, 0, 0, 0, 2]

(451)  8 ≥ 
	[3, 1, 1, 0, 0, 0]
	[2, 1, 0, 2, 1, 0]
	[2, 0, 1, 1, 1, 1]
	[0, 1, 0, 0, 1, 2]
	[0, 0, 1, 3, 0, 0]

(452)  5 ≥ 
	[2, 1, 0, 0, 0, 0]
	[2, 0, 1, 0, 0, 0]
	[1, 1, 1, 1, 0, 0]
	[0, 2, 1, 0, 0, 0]
	[0, 0, 0, 2, 0, 0]

(453)  10 ≥ 
	[4, 2, 0, 0, 0, 0]
	[2, 0, 2, 2, 0, 0]
	[1, 2, 2, 0, 1, 1]
	[0, 2, 0, 3, 1, 0]
	[0, 0, 0, 0, 0, 4]

(454)  7 ≥ 
	[3, 1, 0, 0, 0, 0]
	[2, 0, 1, 1, 1, 0]
	[1, 0, 3, 0, 0, 0]
	[0, 1, 1, 2, 0, 0]
	[0, 0, 0, 0, 1, 2]

(455)  7 ≥ 
	[2, 1, 1, 0, 0, 0]
	[1, 1, 1, 1, 1, 1]
	[1, 0, 0, 2, 1, 0]
	[0, 2, 0, 0, 1, 1]
	[0, 0, 1, 1, 0, 2]

(456)  8 ≥ 
	[3, 2, 0, 0, 0, 0]
	[2, 0, 1, 1, 1, 0]
	[1, 2, 1, 1, 0, 1]
	[0, 2, 2, 0, 1, 0]
	[0, 0, 0, 0, 0, 3]

(457)  7 ≥ 
	[3, 1, 0, 0, 0, 0]
	[2, 0, 2, 1, 0, 0]
	[2, 0, 0, 0, 2, 0]
	[0, 1, 2, 0, 1, 0]
	[0, 0, 0, 1, 0, 2]

(458)  6 ≥ 
	[2, 1, 1, 0, 0, 0]
	[2, 0, 0, 1, 1, 0]
	[1, 1, 0, 1, 0, 1]
	[0, 2, 0, 1, 0, 0]
	[0, 0, 1, 0, 1, 1]

(459)  9 ≥ 
	[3, 2, 1, 0, 0, 0]
	[3, 0, 0, 2, 1, 0]
	[2, 2, 0, 1, 1, 1]
	[0, 3, 0, 2, 0, 0]
	[0, 0, 1, 0, 2, 1]

(460)  9 ≥ 
	[3, 2, 1, 0, 0, 0]
	[3, 0, 0, 2, 1, 0]
	[2, 2, 0, 1, 1, 1]
	[0, 3, 0, 2, 0, 0]
	[0, 0, 2, 0, 1, 1]

(461)  10 ≥ 
	[3, 3, 1, 0, 0, 0]
	[3, 0, 0, 3, 0, 0]
	[2, 2, 2, 2, 0, 0]
	[0, 3, 0, 2, 1, 0]
	[0, 0, 2, 0, 0, 2]

(462)  7 ≥ 
	[3, 1, 0, 0, 0, 0]
	[1, 1, 1, 1, 1, 0]
	[1, 0, 2, 0, 0, 1]
	[0, 1, 0, 2, 0, 1]
	[0, 0, 0, 0, 3, 0]

(463)  8 ≥ 
	[3, 2, 0, 0, 0, 0]
	[2, 0, 2, 1, 0, 0]
	[1, 2, 2, 0, 1, 0]
	[0, 2, 1, 2, 0, 0]
	[0, 0, 0, 0, 3, 0]

(464)  12 ≥ 
	[4, 2, 2, 0, 0, 0]
	[4, 0, 0, 2, 2, 0]
	[3, 3, 0, 2, 0, 1]
	[0, 3, 0, 0, 3, 0]
	[0, 0, 2, 2, 0, 2]

(465)  10 ≥ 
	[4, 0, 0, 0, 0, 0]
	[1, 3, 2, 1, 0, 0]
	[0, 3, 0, 0, 3, 0]
	[0, 2, 0, 2, 0, 2]
	[0, 0, 2, 2, 2, 0]

(466)  6 ≥ 
	[2, 1, 1, 0, 0, 0]
	[2, 0, 0, 1, 1, 0]
	[1, 1, 0, 2, 0, 0]
	[0, 2, 0, 0, 1, 0]
	[0, 0, 1, 1, 0, 1]

(467)  8 ≥ 
	[3, 2, 0, 0, 0, 0]
	[2, 0, 2, 1, 0, 0]
	[1, 2, 1, 1, 1, 0]
	[0, 2, 3, 0, 0, 0]
	[0, 0, 0, 0, 1, 2]

(468)  12 ≥ 
	[4, 2, 2, 0, 0, 0]
	[4, 0, 0, 2, 2, 0]
	[3, 3, 0, 2, 0, 1]
	[0, 4, 0, 0, 2, 0]
	[0, 0, 2, 2, 0, 2]

(469)  6 ≥ 
	[2, 1, 1, 0, 0, 0]
	[2, 0, 0, 1, 1, 0]
	[1, 0, 0, 0, 0, 2]
	[0, 2, 0, 1, 0, 0]
	[0, 0, 1, 0, 2, 0]

(470)  4 ≥ 
	[1, 1, 1, 0, 0, 0]
	[1, 1, 0, 1, 0, 0]
	[1, 0, 0, 0, 1, 0]
	[0, 1, 0, 0, 1, 0]
	[0, 0, 1, 1, 0, 0]

(471)  12 ≥ 
	[5, 0, 0, 0, 0, 0]
	[1, 3, 3, 1, 0, 0]
	[0, 3, 0, 0, 4, 0]
	[0, 2, 0, 3, 0, 2]
	[0, 0, 3, 0, 2, 2]

(472)  4 ≥ 
	[2, 0, 0, 0, 0, 0]
	[1, 1, 1, 0, 0, 0]
	[1, 0, 0, 1, 0, 0]
	[0, 1, 0, 0, 1, 0]
	[0, 0, 1, 0, 0, 1]

(473)  8 ≥ 
	[3, 1, 1, 0, 0, 0]
	[2, 2, 0, 1, 1, 0]
	[2, 0, 0, 1, 0, 2]
	[0, 2, 1, 1, 0, 1]
	[0, 0, 0, 0, 3, 0]

(474)  10 ≥ 
	[3, 3, 0, 0, 0, 0]
	[3, 0, 2, 1, 1, 0]
	[2, 2, 2, 1, 0, 1]
	[0, 2, 2, 0, 2, 0]
	[0, 0, 0, 1, 0, 3]

(475)  10 ≥ 
	[4, 0, 0, 0, 0, 0]
	[2, 2, 2, 2, 0, 0]
	[1, 3, 2, 0, 1, 0]
	[0, 3, 0, 2, 0, 1]
	[0, 0, 2, 2, 2, 0]

(476)  7 ≥ 
	[3, 1, 0, 0, 0, 0]
	[2, 0, 2, 1, 0, 0]
	[1, 1, 1, 1, 1, 0]
	[0, 1, 3, 0, 0, 0]
	[0, 0, 0, 3, 0, 0]

(477)  6 ≥ 
	[3, 0, 0, 0, 0, 0]
	[2, 1, 1, 0, 0, 0]
	[2, 0, 0, 1, 1, 0]
	[0, 2, 0, 1, 0, 0]
	[0, 0, 2, 0, 1, 0]

(478)  8 ≥ 
	[3, 2, 0, 0, 0, 0]
	[2, 0, 2, 1, 0, 0]
	[1, 2, 2, 0, 1, 0]
	[0, 2, 1, 2, 0, 0]
	[0, 0, 0, 0, 1, 2]

(479)  4 ≥ 
	[2, 0, 0, 0, 0, 0]
	[1, 1, 1, 0, 0, 0]
	[1, 0, 0, 1, 0, 0]
	[0, 2, 0, 0, 0, 0]
	[0, 0, 2, 0, 0, 0]

(480)  7 ≥ 
	[3, 1, 0, 0, 0, 0]
	[2, 0, 1, 1, 1, 0]
	[1, 1, 1, 1, 0, 1]
	[0, 1, 1, 0, 2, 0]
	[0, 0, 0, 3, 0, 0]

(481)  10 ≥ 
	[4, 2, 0, 0, 0, 0]
	[3, 0, 3, 1, 0, 0]
	[2, 2, 2, 2, 0, 0]
	[0, 3, 3, 0, 0, 0]
	[0, 0, 0, 2, 2, 0]

(482)  8 ≥ 
	[3, 1, 0, 0, 0, 0]
	[1, 0, 2, 1, 1, 0]
	[0, 2, 2, 0, 0, 1]
	[0, 2, 0, 2, 1, 0]
	[0, 0, 0, 0, 1, 3]

(483)  12 ≥ 
	[4, 2, 2, 0, 0, 0]
	[4, 0, 0, 2, 2, 0]
	[3, 3, 0, 3, 0, 0]
	[0, 3, 0, 0, 2, 1]
	[0, 0, 3, 3, 0, 0]

(484)  9 ≥ 
	[3, 2, 1, 0, 0, 0]
	[3, 0, 0, 1, 1, 1]
	[2, 2, 0, 2, 1, 0]
	[0, 2, 0, 0, 1, 2]
	[0, 0, 1, 3, 0, 0]

(485)  7 ≥ 
	[2, 1, 1, 1, 0, 0]
	[2, 0, 0, 0, 1, 1]
	[1, 2, 1, 0, 1, 0]
	[0, 2, 0, 1, 0, 1]
	[0, 0, 2, 1, 1, 0]

(486)  7 ≥ 
	[2, 2, 1, 0, 0, 0]
	[2, 0, 0, 2, 0, 0]
	[1, 1, 2, 1, 0, 0]
	[0, 2, 0, 1, 1, 0]
	[0, 0, 1, 0, 0, 2]

(487)  8 ≥ 
	[4, 0, 0, 0, 0, 0]
	[2, 2, 1, 1, 0, 0]
	[1, 1, 1, 0, 2, 0]
	[0, 2, 0, 0, 0, 2]
	[0, 0, 1, 3, 0, 0]

(488)  5 ≥ 
	[2, 1, 0, 0, 0, 0]
	[1, 0, 1, 1, 0, 0]
	[1, 0, 0, 0, 1, 1]
	[0, 1, 1, 0, 1, 0]
	[0, 0, 0, 2, 0, 0]

(489)  6 ≥ 
	[2, 1, 1, 0, 0, 0]
	[2, 0, 0, 1, 1, 0]
	[1, 1, 0, 1, 0, 1]
	[0, 1, 0, 0, 1, 1]
	[0, 0, 2, 1, 0, 0]

(490)  6 ≥ 
	[2, 1, 1, 0, 0, 0]
	[2, 0, 0, 1, 1, 0]
	[1, 1, 1, 1, 1, 0]
	[0, 2, 0, 1, 0, 0]
	[0, 0, 2, 0, 1, 0]

(491)  8 ≥ 
	[4, 0, 0, 0, 0, 0]
	[2, 1, 1, 1, 1, 0]
	[1, 3, 1, 0, 0, 0]
	[0, 1, 0, 3, 0, 0]
	[0, 0, 1, 0, 1, 2]

