(1)  7 ≥ 
	[2, 1, 0, 0, 0, 0]
	[2, 1, 0, 0, 0, 0]
	[2, 0, 1, 0, 0, 0]
	[2, 0, 0, 1, 0, 0]
	[0, 1, 1, 1, 0, 0]
	[0, 0, 0, 0, 2, 0]
	[0, 0, 0, 0, 0, 2]

(2)  6 ≥ 
	[2, 0, 0, 0, 0, 0]
	[2, 0, 0, 0, 0, 0]
	[2, 0, 0, 0, 0, 0]
	[1, 1, 1, 1, 0, 0]
	[0, 2, 0, 0, 0, 0]
	[0, 0, 1, 0, 1, 0]
	[0, 0, 0, 1, 0, 1]

(3)  9 ≥ 
	[3, 0, 0, 0, 0, 0]
	[2, 1, 1, 1, 0, 0]
	[2, 1, 1, 0, 1, 0]
	[2, 1, 0, 1, 0, 1]
	[0, 3, 0, 0, 0, 0]
	[0, 0, 1, 0, 0, 2]
	[0, 0, 0, 1, 2, 0]

(4)  3 ≥ 
	[1, 0, 0, 0, 0, 0]
	[1, 0, 0, 0, 0, 0]
	[1, 0, 0, 0, 0, 0]
	[0, 1, 0, 0, 0, 0]
	[0, 0, 1, 0, 0, 0]
	[0, 0, 0, 1, 0, 0]
	[0, 0, 0, 0, 1, 0]

(5)  4 ≥ 
	[1, 1, 0, 0, 0, 0]
	[1, 1, 0, 0, 0, 0]
	[1, 0, 1, 0, 0, 0]
	[1, 0, 1, 0, 0, 0]
	[0, 1, 1, 0, 0, 0]
	[0, 0, 0, 1, 0, 0]
	[0, 0, 0, 0, 1, 0]

(6)  6 ≥ 
	[2, 0, 0, 0, 0, 0]
	[1, 1, 1, 1, 0, 0]
	[1, 1, 1, 1, 0, 0]
	[1, 1, 1, 1, 0, 0]
	[0, 2, 0, 0, 0, 0]
	[0, 0, 2, 0, 0, 0]
	[0, 0, 0, 1, 1, 0]

(7)  10 ≥ 
	[3, 1, 0, 0, 0, 0]
	[3, 0, 1, 0, 0, 0]
	[3, 0, 0, 1, 0, 0]
	[2, 0, 1, 1, 1, 1]
	[0, 2, 1, 1, 0, 0]
	[0, 0, 0, 0, 3, 0]
	[0, 0, 0, 0, 0, 3]

(8)  9 ≥ 
	[3, 0, 0, 0, 0, 0]
	[2, 1, 1, 1, 0, 0]
	[2, 1, 1, 0, 1, 0]
	[2, 1, 0, 0, 1, 1]
	[0, 3, 0, 0, 0, 0]
	[0, 0, 1, 0, 0, 2]
	[0, 0, 0, 2, 1, 0]

(9)  6 ≥ 
	[2, 0, 0, 0, 0, 0]
	[2, 0, 0, 0, 0, 0]
	[1, 1, 1, 1, 0, 0]
	[1, 1, 1, 1, 0, 0]
	[0, 2, 0, 0, 0, 0]
	[0, 0, 1, 0, 1, 0]
	[0, 0, 0, 1, 0, 1]

(10)  7 ≥ 
	[2, 1, 0, 0, 0, 0]
	[2, 0, 1, 0, 0, 0]
	[1, 1, 1, 1, 1, 0]
	[1, 1, 1, 1, 1, 0]
	[0, 1, 1, 0, 0, 1]
	[0, 0, 0, 2, 0, 0]
	[0, 0, 0, 0, 2, 0]

(11)  6 ≥ 
	[2, 0, 0, 0, 0, 0]
	[2, 0, 0, 0, 0, 0]
	[1, 1, 1, 1, 0, 0]
	[1, 1, 1, 1, 0, 0]
	[0, 2, 0, 0, 0, 0]
	[0, 0, 2, 0, 0, 0]
	[0, 0, 0, 1, 1, 0]

(12)  6 ≥ 
	[2, 0, 0, 0, 0, 0]
	[1, 1, 1, 1, 0, 0]
	[1, 1, 1, 1, 0, 0]
	[1, 1, 1, 0, 1, 0]
	[0, 2, 0, 0, 0, 0]
	[0, 0, 1, 0, 0, 1]
	[0, 0, 0, 1, 1, 0]

(13)  6 ≥ 
	[2, 0, 0, 0, 0, 0]
	[2, 0, 0, 0, 0, 0]
	[1, 1, 1, 1, 0, 0]
	[1, 1, 1, 0, 1, 0]
	[0, 2, 0, 0, 0, 0]
	[0, 0, 1, 0, 0, 1]
	[0, 0, 0, 1, 1, 0]

(14)  1 ≥ 
	[1, 0, 0, 0, 0, 0]
	[1, 0, 0, 0, 0, 0]
	[1, 0, 0, 0, 0, 0]
	[1, 0, 0, 0, 0, 0]
	[1, 0, 0, 0, 0, 0]
	[1, 0, 0, 0, 0, 0]
	[0, 0, 0, 0, 0, 0]

(15)  6 ≥ 
	[2, 0, 0, 0, 0, 0]
	[1, 1, 1, 1, 0, 0]
	[1, 1, 1, 1, 0, 0]
	[1, 1, 1, 1, 0, 0]
	[0, 2, 0, 0, 0, 0]
	[0, 0, 1, 0, 1, 0]
	[0, 0, 0, 1, 0, 1]

(16)  4 ≥ 
	[1, 1, 0, 0, 0, 0]
	[1, 1, 0, 0, 0, 0]
	[1, 1, 0, 0, 0, 0]
	[1, 0, 1, 0, 0, 0]
	[0, 1, 1, 0, 0, 0]
	[0, 0, 0, 1, 0, 0]
	[0, 0, 0, 0, 1, 0]

(17)  6 ≥ 
	[2, 0, 0, 0, 0, 0]
	[2, 0, 0, 0, 0, 0]
	[2, 0, 0, 0, 0, 0]
	[1, 1, 1, 1, 0, 0]
	[0, 2, 0, 0, 0, 0]
	[0, 0, 2, 0, 0, 0]
	[0, 0, 0, 2, 0, 0]

(18)  3 ≥ 
	[1, 0, 0, 0, 0, 0]
	[1, 0, 0, 0, 0, 0]
	[1, 0, 0, 0, 0, 0]
	[1, 0, 0, 0, 0, 0]
	[0, 1, 0, 0, 0, 0]
	[0, 0, 1, 0, 0, 0]
	[0, 0, 0, 1, 0, 0]

(19)  7 ≥ 
	[2, 1, 0, 0, 0, 0]
	[2, 1, 0, 0, 0, 0]
	[2, 0, 1, 0, 0, 0]
	[1, 1, 1, 1, 1, 0]
	[0, 1, 1, 0, 0, 1]
	[0, 0, 0, 2, 0, 0]
	[0, 0, 0, 0, 2, 0]

(20)  6 ≥ 
	[2, 0, 0, 0, 0, 0]
	[2, 0, 0, 0, 0, 0]
	[2, 0, 0, 0, 0, 0]
	[1, 1, 1, 1, 0, 0]
	[0, 2, 0, 0, 0, 0]
	[0, 0, 2, 0, 0, 0]
	[0, 0, 0, 1, 1, 0]

