(1)  12 ≥ 
	[3, 2, 1, 0, 0, 0]
	[3, 0, 0, 2, 1, 0]
	[2, 1, 2, 2, 0, 1]
	[0, 3, 0, 2, 0, 0]
	[0, 0, 3, 0, 1, 0]
	[0, 0, 0, 0, 0, 3]

(2)  7 ≥ 
	[2, 1, 0, 0, 0, 0]
	[2, 0, 1, 0, 0, 0]
	[2, 0, 0, 1, 0, 0]
	[0, 1, 1, 1, 0, 0]
	[0, 0, 0, 0, 2, 0]
	[0, 0, 0, 0, 0, 2]

(3)  6 ≥ 
	[2, 0, 0, 0, 0, 0]
	[1, 1, 1, 1, 0, 0]
	[0, 2, 0, 0, 0, 0]
	[0, 0, 2, 0, 0, 0]
	[0, 0, 0, 1, 1, 0]
	[0, 0, 0, 1, 1, 0]

(4)  3 ≥ 
	[1, 0, 0, 0, 0, 0]
	[0, 1, 0, 0, 0, 0]
	[0, 0, 1, 0, 0, 0]
	[0, 0, 0, 1, 0, 0]
	[0, 0, 0, 0, 1, 0]
	[0, 0, 0, 0, 0, 1]

(5)  14 ≥ 
	[4, 2, 0, 0, 0, 0]
	[3, 0, 2, 1, 1, 1]
	[2, 2, 2, 2, 2, 0]
	[0, 3, 2, 0, 0, 1]
	[0, 0, 0, 4, 0, 0]
	[0, 0, 0, 0, 4, 0]

(6)  15 ≥ 
	[4, 2, 0, 0, 0, 0]
	[2, 0, 3, 2, 0, 0]
	[1, 0, 0, 1, 4, 0]
	[0, 2, 3, 0, 2, 0]
	[0, 2, 0, 4, 0, 0]
	[0, 0, 0, 0, 0, 4]

(7)  8 ≥ 
	[2, 1, 1, 0, 0, 0]
	[2, 0, 0, 1, 0, 0]
	[1, 2, 0, 0, 1, 0]
	[0, 2, 1, 1, 0, 0]
	[0, 0, 2, 0, 1, 0]
	[0, 0, 0, 0, 0, 2]

(8)  16 ≥ 
	[4, 2, 2, 0, 0, 0]
	[4, 0, 0, 2, 2, 0]
	[3, 3, 0, 3, 0, 1]
	[0, 4, 0, 0, 2, 0]
	[0, 0, 2, 4, 0, 0]
	[0, 0, 0, 0, 0, 4]

(9)  9 ≥ 
	[3, 0, 0, 0, 0, 0]
	[2, 1, 1, 1, 0, 0]
	[1, 2, 0, 0, 1, 1]
	[0, 3, 0, 0, 0, 0]
	[0, 0, 1, 0, 2, 0]
	[0, 0, 0, 1, 0, 2]

(10)  11 ≥ 
	[3, 1, 1, 0, 0, 0]
	[2, 0, 0, 2, 1, 0]
	[0, 3, 0, 0, 1, 0]
	[0, 1, 2, 2, 0, 0]
	[0, 0, 1, 0, 3, 0]
	[0, 0, 0, 0, 0, 3]

(11)  11 ≥ 
	[3, 2, 0, 0, 0, 0]
	[2, 0, 2, 1, 0, 0]
	[1, 2, 1, 1, 1, 1]
	[0, 2, 3, 0, 0, 0]
	[0, 0, 0, 0, 3, 0]
	[0, 0, 0, 0, 0, 3]

(12)  10 ≥ 
	[3, 1, 0, 0, 0, 0]
	[2, 0, 1, 1, 1, 1]
	[1, 2, 1, 1, 1, 0]
	[0, 1, 1, 0, 0, 2]
	[0, 0, 0, 3, 0, 0]
	[0, 0, 0, 0, 3, 0]

(13)  11 ≥ 
	[3, 1, 1, 0, 0, 0]
	[2, 0, 0, 2, 1, 0]
	[1, 2, 1, 2, 0, 1]
	[0, 2, 0, 0, 2, 0]
	[0, 0, 3, 1, 0, 0]
	[0, 0, 0, 0, 0, 3]

(14)  15 ≥ 
	[4, 2, 1, 0, 0, 0]
	[3, 0, 0, 3, 1, 0]
	[1, 4, 0, 1, 1, 0]
	[0, 2, 1, 4, 0, 0]
	[0, 0, 1, 0, 4, 0]
	[0, 0, 0, 0, 0, 4]

(15)  7 ≥ 
	[2, 1, 0, 0, 0, 0]
	[1, 1, 1, 1, 1, 0]
	[1, 0, 2, 0, 0, 0]
	[0, 2, 1, 0, 0, 0]
	[0, 0, 0, 2, 0, 0]
	[0, 0, 0, 0, 1, 1]

(16)  6 ≥ 
	[2, 0, 0, 0, 0, 0]
	[1, 1, 1, 1, 0, 0]
	[0, 2, 0, 0, 0, 0]
	[0, 0, 2, 0, 0, 0]
	[0, 0, 0, 1, 1, 0]
	[0, 0, 0, 1, 0, 1]

(17)  12 ≥ 
	[4, 0, 0, 0, 0, 0]
	[2, 2, 2, 1, 1, 0]
	[1, 1, 1, 3, 0, 0]
	[0, 4, 0, 0, 0, 0]
	[0, 0, 4, 0, 0, 0]
	[0, 0, 0, 1, 3, 0]

(18)  11 ≥ 
	[3, 2, 0, 0, 0, 0]
	[2, 0, 2, 1, 0, 0]
	[1, 2, 2, 0, 1, 1]
	[0, 2, 1, 2, 0, 0]
	[0, 0, 0, 0, 3, 0]
	[0, 0, 0, 0, 0, 3]

(19)  4 ≥ 
	[1, 1, 0, 0, 0, 0]
	[1, 1, 0, 0, 0, 0]
	[1, 0, 1, 0, 0, 0]
	[0, 1, 1, 0, 0, 0]
	[0, 0, 0, 1, 0, 0]
	[0, 0, 0, 0, 1, 0]

(20)  4 ≥ 
	[1, 1, 0, 0, 0, 0]
	[1, 0, 1, 0, 0, 0]
	[0, 1, 1, 0, 0, 0]
	[0, 0, 0, 1, 0, 0]
	[0, 0, 0, 1, 0, 0]
	[0, 0, 0, 0, 1, 0]

(21)  11 ≥ 
	[3, 1, 1, 0, 0, 0]
	[2, 1, 0, 2, 1, 1]
	[2, 0, 1, 1, 2, 1]
	[0, 2, 0, 0, 2, 0]
	[0, 0, 2, 2, 0, 0]
	[0, 0, 0, 0, 0, 3]

(22)  10 ≥ 
	[3, 1, 0, 0, 0, 0]
	[2, 0, 2, 1, 1, 0]
	[2, 0, 0, 0, 0, 2]
	[0, 1, 2, 0, 0, 1]
	[0, 0, 0, 3, 0, 0]
	[0, 0, 0, 0, 3, 0]

(23)  8 ≥ 
	[2, 2, 0, 0, 0, 0]
	[2, 0, 2, 0, 0, 0]
	[1, 1, 1, 1, 1, 0]
	[0, 2, 2, 0, 0, 0]
	[0, 0, 0, 2, 0, 0]
	[0, 0, 0, 0, 2, 0]

(24)  6 ≥ 
	[2, 0, 0, 0, 0, 0]
	[1, 1, 1, 1, 0, 0]
	[1, 1, 1, 1, 0, 0]
	[0, 2, 0, 0, 0, 0]
	[0, 0, 2, 0, 0, 0]
	[0, 0, 0, 1, 1, 0]

(25)  10 ≥ 
	[3, 1, 0, 0, 0, 0]
	[2, 0, 2, 1, 1, 0]
	[1, 0, 1, 0, 0, 2]
	[0, 1, 3, 0, 0, 0]
	[0, 0, 0, 3, 0, 0]
	[0, 0, 0, 0, 3, 0]

(26)  13 ≥ 
	[3, 2, 2, 0, 0, 0]
	[3, 0, 0, 2, 1, 0]
	[2, 3, 0, 0, 2, 0]
	[0, 3, 1, 2, 0, 0]
	[0, 0, 2, 0, 3, 0]
	[0, 0, 0, 0, 0, 3]

(27)  15 ≥ 
	[4, 2, 0, 0, 0, 0]
	[2, 0, 4, 0, 0, 0]
	[2, 0, 0, 3, 2, 0]
	[0, 2, 2, 3, 0, 0]
	[0, 1, 1, 0, 4, 0]
	[0, 0, 0, 0, 0, 4]

(28)  11 ≥ 
	[3, 1, 0, 0, 0, 0]
	[2, 0, 2, 1, 1, 1]
	[1, 1, 2, 2, 1, 0]
	[0, 2, 2, 0, 0, 1]
	[0, 0, 0, 3, 0, 1]
	[0, 0, 0, 0, 3, 0]

(29)  11 ≥ 
	[3, 1, 1, 0, 0, 0]
	[2, 1, 0, 2, 1, 1]
	[2, 0, 1, 1, 2, 1]
	[0, 2, 0, 0, 2, 0]
	[0, 0, 1, 3, 0, 0]
	[0, 0, 0, 0, 0, 3]

(30)  10 ≥ 
	[3, 1, 0, 0, 0, 0]
	[2, 0, 1, 1, 1, 1]
	[1, 1, 2, 1, 1, 0]
	[0, 1, 1, 0, 0, 2]
	[0, 0, 0, 3, 0, 0]
	[0, 0, 0, 0, 3, 0]

(31)  3 ≥ 
	[1, 0, 0, 0, 0, 0]
	[1, 0, 0, 0, 0, 0]
	[0, 1, 0, 0, 0, 0]
	[0, 1, 0, 0, 0, 0]
	[0, 0, 1, 0, 0, 0]
	[0, 0, 0, 1, 0, 0]

(32)  1 ≥ 
	[1, 0, 0, 0, 0, 0]
	[1, 0, 0, 0, 0, 0]
	[1, 0, 0, 0, 0, 0]
	[1, 0, 0, 0, 0, 0]
	[1, 0, 0, 0, 0, 0]
	[0, 0, 0, 0, 0, 0]

(33)  14 ≥ 
	[4, 2, 0, 0, 0, 0]
	[3, 0, 3, 1, 1, 0]
	[2, 0, 1, 0, 0, 3]
	[0, 2, 3, 0, 0, 1]
	[0, 0, 0, 4, 0, 0]
	[0, 0, 0, 0, 4, 0]

(34)  11 ≥ 
	[3, 1, 1, 0, 0, 0]
	[2, 0, 0, 2, 1, 0]
	[1, 3, 0, 0, 1, 0]
	[0, 2, 1, 2, 0, 0]
	[0, 0, 3, 0, 1, 0]
	[0, 0, 0, 0, 0, 3]

(35)  12 ≥ 
	[4, 0, 0, 0, 0, 0]
	[2, 2, 2, 2, 0, 0]
	[1, 1, 1, 1, 2, 0]
	[0, 4, 0, 0, 0, 0]
	[0, 0, 4, 0, 0, 0]
	[0, 0, 0, 2, 0, 2]

(36)  8 ≥ 
	[2, 1, 1, 0, 0, 0]
	[2, 0, 0, 1, 1, 0]
	[1, 1, 1, 1, 1, 1]
	[0, 2, 0, 1, 0, 0]
	[0, 0, 1, 0, 2, 0]
	[0, 0, 0, 0, 0, 2]

(37)  12 ≥ 
	[4, 0, 0, 0, 0, 0]
	[2, 2, 1, 1, 1, 1]
	[1, 1, 3, 1, 0, 0]
	[0, 4, 0, 0, 0, 0]
	[0, 0, 1, 0, 3, 0]
	[0, 0, 0, 1, 0, 3]

(38)  9 ≥ 
	[2, 2, 1, 0, 0, 0]
	[2, 1, 0, 1, 1, 0]
	[2, 0, 1, 2, 0, 0]
	[0, 2, 0, 2, 0, 0]
	[0, 0, 1, 0, 2, 0]
	[0, 0, 0, 0, 0, 2]

(39)  11 ≥ 
	[3, 1, 1, 0, 0, 0]
	[2, 2, 0, 2, 1, 0]
	[2, 0, 0, 1, 0, 2]
	[0, 3, 0, 0, 0, 1]
	[0, 0, 2, 2, 0, 0]
	[0, 0, 0, 0, 3, 0]

(40)  12 ≥ 
	[4, 0, 0, 0, 0, 0]
	[2, 2, 2, 1, 1, 0]
	[1, 1, 1, 1, 0, 2]
	[0, 4, 0, 0, 0, 0]
	[0, 0, 4, 0, 0, 0]
	[0, 0, 0, 1, 3, 0]

(41)  10 ≥ 
	[3, 1, 0, 0, 0, 0]
	[2, 0, 2, 1, 1, 0]
	[1, 1, 1, 2, 0, 1]
	[0, 1, 3, 0, 0, 0]
	[0, 0, 0, 3, 0, 0]
	[0, 0, 0, 0, 1, 2]

(42)  15 ≥ 
	[4, 2, 1, 0, 0, 0]
	[3, 0, 0, 3, 1, 0]
	[1, 4, 0, 1, 1, 0]
	[0, 2, 1, 4, 0, 0]
	[0, 0, 4, 0, 1, 0]
	[0, 0, 0, 0, 0, 4]

(43)  9 ≥ 
	[3, 0, 0, 0, 0, 0]
	[1, 1, 1, 1, 1, 0]
	[0, 3, 0, 0, 0, 0]
	[0, 0, 3, 0, 0, 0]
	[0, 0, 0, 1, 0, 2]
	[0, 0, 0, 0, 1, 2]

(44)  11 ≥ 
	[3, 1, 1, 0, 0, 0]
	[2, 1, 0, 2, 1, 1]
	[2, 0, 1, 1, 2, 1]
	[0, 1, 0, 0, 3, 0]
	[0, 0, 1, 3, 0, 0]
	[0, 0, 0, 0, 0, 3]

(45)  7 ≥ 
	[2, 1, 0, 0, 0, 0]
	[1, 0, 2, 0, 0, 0]
	[1, 0, 0, 1, 1, 0]
	[0, 1, 1, 1, 0, 0]
	[0, 0, 0, 0, 2, 0]
	[0, 0, 0, 0, 0, 2]

(46)  10 ≥ 
	[3, 1, 0, 0, 0, 0]
	[2, 0, 1, 1, 1, 1]
	[1, 0, 3, 0, 0, 0]
	[0, 2, 1, 1, 0, 0]
	[0, 0, 0, 0, 3, 0]
	[0, 0, 0, 0, 0, 3]

(47)  12 ≥ 
	[3, 2, 1, 0, 0, 0]
	[3, 0, 0, 2, 1, 0]
	[2, 1, 2, 2, 0, 1]
	[0, 3, 0, 2, 0, 0]
	[0, 0, 2, 0, 2, 0]
	[0, 0, 0, 0, 0, 3]

(48)  8 ≥ 
	[2, 1, 1, 0, 0, 0]
	[2, 0, 0, 1, 1, 0]
	[1, 2, 0, 1, 0, 0]
	[0, 1, 0, 0, 2, 0]
	[0, 0, 2, 1, 0, 0]
	[0, 0, 0, 0, 0, 2]

(49)  15 ≥ 
	[4, 1, 0, 0, 0, 0]
	[1, 0, 3, 3, 0, 0]
	[0, 3, 3, 0, 1, 0]
	[0, 3, 0, 3, 0, 1]
	[0, 0, 1, 0, 0, 4]
	[0, 0, 0, 1, 4, 0]

(50)  11 ≥ 
	[3, 1, 1, 0, 0, 0]
	[2, 0, 0, 2, 1, 0]
	[0, 3, 0, 0, 1, 0]
	[0, 1, 1, 3, 0, 0]
	[0, 0, 3, 0, 1, 0]
	[0, 0, 0, 0, 0, 3]

(51)  10 ≥ 
	[3, 1, 0, 0, 0, 0]
	[2, 0, 2, 1, 1, 0]
	[1, 1, 1, 2, 1, 0]
	[0, 1, 3, 0, 0, 0]
	[0, 0, 0, 3, 0, 0]
	[0, 0, 0, 0, 1, 2]

(52)  14 ≥ 
	[4, 2, 0, 0, 0, 0]
	[3, 0, 2, 1, 1, 1]
	[2, 2, 2, 2, 2, 0]
	[0, 2, 3, 0, 0, 1]
	[0, 0, 0, 4, 0, 0]
	[0, 0, 0, 0, 4, 0]

(53)  16 ≥ 
	[4, 2, 2, 0, 0, 0]
	[4, 0, 0, 2, 2, 0]
	[3, 3, 0, 3, 0, 1]
	[0, 4, 0, 0, 2, 0]
	[0, 0, 3, 3, 0, 0]
	[0, 0, 0, 0, 0, 4]

(54)  7 ≥ 
	[2, 1, 0, 0, 0, 0]
	[2, 0, 1, 0, 0, 0]
	[1, 1, 1, 1, 1, 0]
	[0, 2, 1, 0, 0, 0]
	[0, 0, 0, 2, 0, 0]
	[0, 0, 0, 0, 2, 0]

(55)  6 ≥ 
	[2, 0, 0, 0, 0, 0]
	[1, 1, 1, 1, 0, 0]
	[1, 0, 0, 0, 1, 0]
	[0, 2, 0, 0, 0, 0]
	[0, 0, 2, 0, 0, 0]
	[0, 0, 0, 2, 0, 0]

(56)  6 ≥ 
	[2, 0, 0, 0, 0, 0]
	[2, 0, 0, 0, 0, 0]
	[1, 1, 1, 1, 0, 0]
	[0, 2, 0, 0, 0, 0]
	[0, 0, 2, 0, 0, 0]
	[0, 0, 0, 2, 0, 0]

(57)  12 ≥ 
	[3, 3, 0, 0, 0, 0]
	[3, 0, 3, 0, 0, 0]
	[2, 2, 2, 1, 1, 0]
	[0, 3, 3, 0, 0, 0]
	[0, 0, 0, 3, 0, 0]
	[0, 0, 0, 0, 3, 0]

(58)  10 ≥ 
	[3, 1, 0, 0, 0, 0]
	[3, 0, 1, 0, 0, 0]
	[2, 0, 0, 2, 1, 1]
	[0, 1, 1, 2, 0, 0]
	[0, 0, 0, 0, 3, 0]
	[0, 0, 0, 0, 0, 3]

(59)  9 ≥ 
	[3, 0, 0, 0, 0, 0]
	[2, 1, 1, 1, 0, 0]
	[1, 2, 0, 0, 1, 1]
	[0, 3, 0, 0, 0, 0]
	[0, 0, 2, 0, 1, 0]
	[0, 0, 0, 2, 0, 1]

(60)  10 ≥ 
	[3, 1, 0, 0, 0, 0]
	[2, 0, 2, 1, 1, 0]
	[1, 2, 1, 1, 1, 0]
	[0, 1, 3, 0, 0, 0]
	[0, 0, 0, 3, 0, 0]
	[0, 0, 0, 0, 1, 2]

(61)  11 ≥ 
	[3, 1, 1, 0, 0, 0]
	[2, 0, 0, 2, 1, 0]
	[1, 2, 1, 2, 0, 1]
	[0, 3, 0, 0, 1, 0]
	[0, 0, 3, 1, 0, 0]
	[0, 0, 0, 0, 0, 3]

(62)  11 ≥ 
	[3, 2, 0, 0, 0, 0]
	[2, 1, 2, 1, 1, 0]
	[2, 0, 1, 0, 0, 2]
	[0, 2, 2, 0, 0, 1]
	[0, 0, 0, 3, 0, 0]
	[0, 0, 0, 0, 3, 0]

(63)  12 ≥ 
	[4, 0, 0, 0, 0, 0]
	[2, 2, 1, 1, 1, 1]
	[1, 1, 3, 1, 0, 0]
	[0, 4, 0, 0, 0, 0]
	[0, 0, 1, 0, 3, 0]
	[0, 0, 0, 3, 0, 1]

(64)  14 ≥ 
	[4, 0, 0, 0, 0, 0]
	[2, 2, 2, 2, 2, 0]
	[1, 3, 2, 1, 0, 1]
	[0, 3, 0, 0, 3, 0]
	[0, 0, 2, 0, 2, 2]
	[0, 0, 0, 4, 0, 0]

(65)  10 ≥ 
	[3, 0, 0, 0, 0, 0]
	[1, 2, 1, 1, 1, 0]
	[1, 1, 2, 1, 0, 1]
	[0, 2, 0, 0, 0, 2]
	[0, 0, 1, 0, 2, 1]
	[0, 0, 0, 3, 0, 0]

(66)  4 ≥ 
	[1, 1, 0, 0, 0, 0]
	[1, 0, 1, 0, 0, 0]
	[0, 1, 1, 0, 0, 0]
	[0, 0, 0, 1, 0, 0]
	[0, 0, 0, 0, 1, 0]
	[0, 0, 0, 0, 0, 1]

(67)  14 ≥ 
	[4, 0, 0, 0, 0, 0]
	[1, 3, 3, 1, 0, 0]
	[0, 3, 0, 0, 3, 0]
	[0, 2, 1, 0, 0, 3]
	[0, 0, 3, 0, 2, 1]
	[0, 0, 0, 4, 0, 0]

(68)  10 ≥ 
	[3, 1, 0, 0, 0, 0]
	[2, 0, 2, 1, 1, 0]
	[1, 0, 1, 0, 0, 2]
	[0, 2, 2, 0, 0, 0]
	[0, 0, 0, 3, 0, 0]
	[0, 0, 0, 0, 3, 0]

(69)  10 ≥ 
	[3, 1, 0, 0, 0, 0]
	[2, 0, 2, 1, 1, 0]
	[1, 1, 1, 2, 1, 0]
	[0, 1, 3, 0, 0, 0]
	[0, 0, 0, 1, 0, 2]
	[0, 0, 0, 0, 3, 0]

(70)  10 ≥ 
	[3, 1, 0, 0, 0, 0]
	[2, 0, 2, 1, 1, 0]
	[1, 1, 1, 2, 0, 1]
	[0, 2, 2, 0, 0, 0]
	[0, 0, 0, 3, 0, 0]
	[0, 0, 0, 0, 2, 1]

(71)  14 ≥ 
	[4, 2, 0, 0, 0, 0]
	[3, 0, 3, 1, 1, 0]
	[2, 2, 2, 2, 2, 0]
	[0, 3, 3, 0, 0, 0]
	[0, 0, 0, 4, 0, 0]
	[0, 0, 0, 0, 2, 2]

(72)  14 ≥ 
	[4, 2, 0, 0, 0, 0]
	[3, 0, 2, 1, 1, 1]
	[2, 2, 2, 2, 2, 0]
	[0, 2, 2, 0, 0, 2]
	[0, 0, 0, 4, 0, 0]
	[0, 0, 0, 0, 4, 0]

(73)  12 ≥ 
	[3, 3, 0, 0, 0, 0]
	[3, 0, 2, 1, 0, 0]
	[2, 2, 2, 0, 1, 1]
	[0, 3, 2, 1, 0, 0]
	[0, 0, 0, 0, 3, 0]
	[0, 0, 0, 0, 0, 3]

(74)  10 ≥ 
	[3, 1, 0, 0, 0, 0]
	[2, 0, 1, 1, 1, 1]
	[1, 0, 3, 0, 0, 0]
	[0, 1, 1, 2, 0, 0]
	[0, 0, 0, 0, 3, 0]
	[0, 0, 0, 0, 0, 3]

(75)  8 ≥ 
	[2, 1, 1, 0, 0, 0]
	[2, 0, 0, 1, 1, 0]
	[1, 2, 0, 1, 0, 0]
	[0, 1, 0, 0, 2, 0]
	[0, 0, 1, 2, 0, 0]
	[0, 0, 0, 0, 0, 2]

(76)  12 ≥ 
	[4, 0, 0, 0, 0, 0]
	[2, 2, 2, 1, 1, 0]
	[1, 1, 1, 1, 0, 2]
	[0, 4, 0, 0, 0, 0]
	[0, 0, 4, 0, 0, 0]
	[0, 0, 0, 3, 1, 0]

(77)  7 ≥ 
	[2, 1, 0, 0, 0, 0]
	[1, 1, 1, 1, 1, 0]
	[1, 0, 1, 0, 0, 1]
	[0, 1, 1, 0, 0, 1]
	[0, 0, 0, 2, 0, 0]
	[0, 0, 0, 0, 2, 0]

(78)  6 ≥ 
	[2, 0, 0, 0, 0, 0]
	[1, 1, 1, 1, 0, 0]
	[0, 2, 0, 0, 0, 0]
	[0, 0, 1, 0, 1, 0]
	[0, 0, 1, 0, 1, 0]
	[0, 0, 0, 1, 0, 1]

(79)  10 ≥ 
	[3, 1, 0, 0, 0, 0]
	[2, 0, 2, 1, 1, 0]
	[1, 2, 1, 1, 1, 0]
	[0, 1, 2, 0, 0, 1]
	[0, 0, 0, 3, 0, 0]
	[0, 0, 0, 0, 3, 0]

(80)  14 ≥ 
	[4, 2, 0, 0, 0, 0]
	[3, 0, 3, 1, 1, 0]
	[2, 2, 2, 2, 1, 1]
	[0, 3, 3, 0, 0, 0]
	[0, 0, 0, 4, 0, 0]
	[0, 0, 0, 0, 3, 1]

(81)  8 ≥ 
	[2, 1, 1, 0, 0, 0]
	[2, 0, 0, 1, 1, 0]
	[1, 2, 0, 1, 0, 0]
	[0, 2, 0, 0, 1, 0]
	[0, 0, 2, 1, 0, 0]
	[0, 0, 0, 0, 0, 2]

(82)  16 ≥ 
	[4, 2, 2, 0, 0, 0]
	[4, 0, 0, 2, 2, 0]
	[3, 3, 0, 3, 0, 1]
	[0, 3, 0, 0, 3, 0]
	[0, 0, 3, 3, 0, 0]
	[0, 0, 0, 0, 0, 4]

(83)  12 ≥ 
	[3, 2, 1, 0, 0, 0]
	[3, 0, 0, 2, 1, 0]
	[2, 2, 0, 1, 2, 1]
	[0, 3, 0, 2, 0, 0]
	[0, 0, 2, 0, 2, 0]
	[0, 0, 0, 0, 0, 3]

(84)  7 ≥ 
	[2, 1, 0, 0, 0, 0]
	[1, 0, 2, 0, 0, 0]
	[1, 0, 0, 2, 0, 0]
	[0, 1, 1, 1, 0, 0]
	[0, 0, 0, 0, 2, 0]
	[0, 0, 0, 0, 0, 2]

(85)  7 ≥ 
	[2, 1, 0, 0, 0, 0]
	[1, 1, 1, 1, 1, 0]
	[1, 0, 1, 0, 0, 1]
	[0, 1, 2, 0, 0, 0]
	[0, 0, 0, 2, 0, 0]
	[0, 0, 0, 0, 2, 0]

(86)  11 ≥ 
	[3, 1, 0, 0, 0, 0]
	[2, 0, 2, 1, 1, 1]
	[1, 1, 1, 2, 2, 0]
	[0, 2, 2, 0, 0, 0]
	[0, 0, 0, 3, 0, 1]
	[0, 0, 0, 0, 2, 2]

(87)  12 ≥ 
	[4, 0, 0, 0, 0, 0]
	[2, 2, 2, 2, 0, 0]
	[1, 1, 1, 1, 2, 0]
	[0, 4, 0, 0, 0, 0]
	[0, 0, 4, 0, 0, 0]
	[0, 0, 0, 4, 0, 0]

(88)  14 ≥ 
	[4, 0, 0, 0, 0, 0]
	[2, 2, 2, 2, 2, 0]
	[1, 3, 3, 1, 0, 0]
	[0, 3, 0, 0, 3, 0]
	[0, 0, 3, 0, 2, 1]
	[0, 0, 0, 4, 0, 0]

(89)  10 ≥ 
	[3, 1, 0, 0, 0, 0]
	[2, 0, 2, 1, 1, 0]
	[1, 1, 1, 1, 1, 1]
	[0, 2, 2, 0, 0, 0]
	[0, 0, 0, 3, 0, 0]
	[0, 0, 0, 0, 3, 0]

(90)  8 ≥ 
	[2, 2, 0, 0, 0, 0]
	[2, 0, 1, 1, 0, 0]
	[1, 1, 1, 0, 1, 1]
	[0, 2, 1, 1, 0, 0]
	[0, 0, 0, 0, 2, 0]
	[0, 0, 0, 0, 0, 2]

(91)  9 ≥ 
	[3, 0, 0, 0, 0, 0]
	[1, 1, 1, 1, 1, 0]
	[0, 3, 0, 0, 0, 0]
	[0, 0, 3, 0, 0, 0]
	[0, 0, 0, 3, 0, 0]
	[0, 0, 0, 0, 3, 0]

(92)  11 ≥ 
	[3, 1, 0, 0, 0, 0]
	[2, 0, 2, 1, 1, 1]
	[1, 1, 2, 2, 1, 0]
	[0, 2, 2, 0, 0, 1]
	[0, 0, 0, 2, 0, 2]
	[0, 0, 0, 0, 3, 0]

(93)  14 ≥ 
	[4, 2, 0, 0, 0, 0]
	[3, 0, 2, 1, 1, 1]
	[2, 0, 0, 4, 0, 0]
	[0, 2, 2, 2, 0, 0]
	[0, 0, 0, 0, 4, 0]
	[0, 0, 0, 0, 0, 4]

(94)  14 ≥ 
	[4, 2, 0, 0, 0, 0]
	[3, 0, 3, 1, 1, 0]
	[2, 2, 2, 2, 1, 1]
	[0, 2, 4, 0, 0, 0]
	[0, 0, 0, 4, 0, 0]
	[0, 0, 0, 0, 3, 1]

(95)  11 ≥ 
	[3, 2, 0, 0, 0, 0]
	[2, 0, 2, 1, 0, 0]
	[1, 0, 0, 0, 3, 0]
	[0, 2, 2, 0, 1, 0]
	[0, 1, 0, 3, 0, 0]
	[0, 0, 0, 0, 0, 3]

(96)  10 ≥ 
	[3, 1, 0, 0, 0, 0]
	[2, 0, 1, 1, 1, 1]
	[1, 2, 1, 1, 1, 0]
	[0, 1, 2, 0, 0, 1]
	[0, 0, 0, 3, 0, 0]
	[0, 0, 0, 0, 3, 0]

(97)  13 ≥ 
	[3, 2, 2, 0, 0, 0]
	[3, 0, 0, 2, 1, 0]
	[2, 3, 0, 0, 2, 0]
	[0, 3, 1, 2, 0, 0]
	[0, 0, 3, 0, 2, 0]
	[0, 0, 0, 0, 0, 3]

(98)  6 ≥ 
	[2, 0, 0, 0, 0, 0]
	[2, 0, 0, 0, 0, 0]
	[1, 1, 1, 1, 0, 0]
	[0, 2, 0, 0, 0, 0]
	[0, 0, 1, 0, 1, 0]
	[0, 0, 0, 1, 0, 1]

(99)  8 ≥ 
	[2, 1, 1, 0, 0, 0]
	[2, 0, 0, 1, 1, 0]
	[1, 2, 0, 1, 0, 0]
	[0, 2, 0, 0, 1, 0]
	[0, 0, 1, 2, 0, 0]
	[0, 0, 0, 0, 0, 2]

(100)  3 ≥ 
	[1, 0, 0, 0, 0, 0]
	[1, 0, 0, 0, 0, 0]
	[1, 0, 0, 0, 0, 0]
	[0, 1, 0, 0, 0, 0]
	[0, 0, 1, 0, 0, 0]
	[0, 0, 0, 1, 0, 0]

(101)  7 ≥ 
	[2, 1, 0, 0, 0, 0]
	[1, 0, 1, 1, 0, 0]
	[0, 1, 2, 0, 0, 0]
	[0, 1, 0, 2, 0, 0]
	[0, 0, 0, 0, 2, 0]
	[0, 0, 0, 0, 0, 2]

(102)  11 ≥ 
	[3, 2, 0, 0, 0, 0]
	[2, 0, 2, 1, 0, 0]
	[1, 2, 2, 0, 1, 1]
	[0, 3, 1, 1, 0, 0]
	[0, 0, 0, 0, 3, 0]
	[0, 0, 0, 0, 0, 3]

(103)  10 ≥ 
	[3, 0, 0, 0, 0, 0]
	[1, 2, 2, 1, 0, 0]
	[0, 2, 0, 0, 2, 0]
	[0, 1, 1, 0, 0, 2]
	[0, 0, 2, 0, 2, 0]
	[0, 0, 0, 3, 0, 0]

(104)  8 ≥ 
	[2, 2, 0, 0, 0, 0]
	[2, 0, 2, 0, 0, 0]
	[1, 1, 1, 1, 1, 0]
	[0, 2, 2, 0, 0, 0]
	[0, 0, 0, 2, 0, 0]
	[0, 0, 0, 0, 1, 1]

(105)  14 ≥ 
	[4, 2, 0, 0, 0, 0]
	[3, 0, 3, 1, 1, 0]
	[2, 2, 2, 2, 1, 1]
	[0, 2, 4, 0, 0, 0]
	[0, 0, 0, 4, 0, 0]
	[0, 0, 0, 0, 1, 3]

(106)  12 ≥ 
	[4, 0, 0, 0, 0, 0]
	[2, 2, 2, 1, 1, 0]
	[1, 1, 1, 3, 0, 0]
	[0, 4, 0, 0, 0, 0]
	[0, 0, 4, 0, 0, 0]
	[0, 0, 0, 1, 1, 2]

(107)  9 ≥ 
	[3, 0, 0, 0, 0, 0]
	[1, 1, 1, 1, 1, 0]
	[0, 3, 0, 0, 0, 0]
	[0, 0, 3, 0, 0, 0]
	[0, 0, 0, 3, 0, 0]
	[0, 0, 0, 0, 1, 2]

(108)  11 ≥ 
	[3, 1, 1, 0, 0, 0]
	[2, 0, 0, 2, 1, 0]
	[1, 2, 0, 0, 2, 0]
	[0, 2, 1, 2, 0, 0]
	[0, 0, 3, 0, 1, 0]
	[0, 0, 0, 0, 0, 3]

(109)  10 ≥ 
	[3, 1, 0, 0, 0, 0]
	[2, 0, 2, 1, 1, 0]
	[1, 1, 1, 2, 0, 1]
	[0, 1, 3, 0, 0, 0]
	[0, 0, 0, 3, 0, 0]
	[0, 0, 0, 0, 2, 1]

(110)  10 ≥ 
	[3, 1, 0, 0, 0, 0]
	[2, 0, 2, 1, 1, 0]
	[1, 1, 1, 2, 0, 1]
	[0, 2, 2, 0, 0, 0]
	[0, 0, 0, 3, 0, 0]
	[0, 0, 0, 0, 1, 2]

(111)  8 ≥ 
	[2, 2, 0, 0, 0, 0]
	[2, 0, 1, 1, 0, 0]
	[1, 1, 2, 0, 0, 0]
	[0, 2, 1, 1, 0, 0]
	[0, 0, 0, 0, 2, 0]
	[0, 0, 0, 0, 0, 2]

(112)  10 ≥ 
	[3, 1, 0, 0, 0, 0]
	[2, 0, 2, 1, 1, 0]
	[1, 1, 1, 2, 1, 0]
	[0, 2, 2, 0, 0, 0]
	[0, 0, 0, 3, 0, 0]
	[0, 0, 0, 0, 1, 2]

(113)  6 ≥ 
	[2, 0, 0, 0, 0, 0]
	[1, 1, 1, 1, 0, 0]
	[1, 0, 0, 0, 1, 0]
	[0, 2, 0, 0, 0, 0]
	[0, 0, 2, 0, 0, 0]
	[0, 0, 0, 1, 0, 1]

(114)  10 ≥ 
	[3, 0, 0, 0, 0, 0]
	[1, 2, 2, 1, 0, 0]
	[0, 2, 0, 0, 2, 0]
	[0, 2, 0, 0, 0, 2]
	[0, 0, 2, 0, 1, 1]
	[0, 0, 0, 3, 0, 0]

(115)  14 ≥ 
	[4, 2, 0, 0, 0, 0]
	[3, 0, 3, 1, 1, 0]
	[2, 2, 2, 2, 2, 0]
	[0, 2, 3, 0, 0, 1]
	[0, 0, 0, 4, 0, 0]
	[0, 0, 0, 0, 4, 0]

(116)  10 ≥ 
	[3, 1, 0, 0, 0, 0]
	[2, 0, 2, 1, 1, 0]
	[1, 1, 1, 2, 1, 0]
	[0, 2, 2, 0, 0, 0]
	[0, 0, 0, 1, 0, 2]
	[0, 0, 0, 0, 3, 0]

(117)  12 ≥ 
	[4, 0, 0, 0, 0, 0]
	[2, 2, 2, 1, 1, 0]
	[1, 1, 1, 3, 0, 0]
	[0, 4, 0, 0, 0, 0]
	[0, 0, 2, 0, 0, 2]
	[0, 0, 0, 1, 3, 0]

(118)  15 ≥ 
	[4, 2, 1, 0, 0, 0]
	[3, 0, 0, 3, 1, 0]
	[1, 2, 0, 1, 3, 0]
	[0, 2, 1, 4, 0, 0]
	[0, 0, 4, 0, 1, 0]
	[0, 0, 0, 0, 0, 4]

(119)  14 ≥ 
	[4, 2, 0, 0, 0, 0]
	[2, 0, 2, 2, 0, 0]
	[1, 3, 2, 0, 1, 1]
	[0, 3, 0, 3, 0, 0]
	[0, 0, 0, 0, 4, 0]
	[0, 0, 0, 0, 0, 4]

(120)  11 ≥ 
	[3, 1, 0, 0, 0, 0]
	[2, 0, 2, 1, 1, 1]
	[1, 1, 1, 2, 2, 0]
	[0, 1, 3, 0, 0, 0]
	[0, 0, 0, 3, 0, 1]
	[0, 0, 0, 0, 3, 1]

(121)  9 ≥ 
	[3, 0, 0, 0, 0, 0]
	[2, 1, 1, 1, 0, 0]
	[1, 2, 0, 0, 1, 1]
	[0, 3, 0, 0, 0, 0]
	[0, 0, 2, 0, 1, 0]
	[0, 0, 0, 1, 0, 2]

(122)  12 ≥ 
	[3, 3, 0, 0, 0, 0]
	[3, 0, 3, 0, 0, 0]
	[2, 2, 2, 1, 1, 0]
	[0, 3, 3, 0, 0, 0]
	[0, 0, 0, 3, 0, 0]
	[0, 0, 0, 0, 1, 2]

(123)  14 ≥ 
	[4, 2, 0, 0, 0, 0]
	[3, 0, 3, 1, 1, 0]
	[2, 2, 2, 2, 2, 0]
	[0, 3, 3, 0, 0, 0]
	[0, 0, 0, 4, 0, 0]
	[0, 0, 0, 0, 4, 0]

(124)  10 ≥ 
	[3, 1, 0, 0, 0, 0]
	[1, 2, 1, 1, 1, 0]
	[1, 0, 1, 0, 0, 2]
	[0, 2, 0, 0, 0, 2]
	[0, 0, 0, 3, 0, 0]
	[0, 0, 0, 0, 3, 0]

(125)  8 ≥ 
	[2, 1, 1, 0, 0, 0]
	[2, 0, 0, 1, 1, 0]
	[1, 1, 1, 1, 1, 1]
	[0, 2, 0, 1, 0, 0]
	[0, 0, 2, 0, 1, 0]
	[0, 0, 0, 0, 0, 2]

(126)  9 ≥ 
	[2, 2, 1, 0, 0, 0]
	[2, 1, 0, 1, 1, 0]
	[2, 0, 1, 2, 0, 0]
	[0, 2, 0, 2, 0, 0]
	[0, 0, 2, 0, 1, 0]
	[0, 0, 0, 0, 0, 2]

(127)  10 ≥ 
	[3, 1, 0, 0, 0, 0]
	[1, 2, 1, 1, 1, 0]
	[1, 0, 2, 0, 0, 1]
	[0, 2, 0, 0, 0, 2]
	[0, 0, 0, 3, 0, 0]
	[0, 0, 0, 0, 3, 0]

(128)  11 ≥ 
	[3, 1, 0, 0, 0, 0]
	[2, 0, 2, 1, 1, 1]
	[1, 1, 1, 2, 2, 0]
	[0, 2, 2, 0, 0, 0]
	[0, 0, 0, 3, 0, 1]
	[0, 0, 0, 0, 3, 1]

(129)  6 ≥ 
	[2, 0, 0, 0, 0, 0]
	[1, 1, 1, 1, 0, 0]
	[1, 1, 1, 1, 0, 0]
	[0, 2, 0, 0, 0, 0]
	[0, 0, 1, 0, 1, 0]
	[0, 0, 0, 1, 0, 1]

(130)  7 ≥ 
	[2, 1, 0, 0, 0, 0]
	[1, 1, 1, 1, 1, 0]
	[1, 0, 2, 0, 0, 0]
	[0, 2, 1, 0, 0, 0]
	[0, 0, 0, 2, 0, 0]
	[0, 0, 0, 0, 2, 0]

(131)  7 ≥ 
	[2, 1, 0, 0, 0, 0]
	[2, 0, 1, 0, 0, 0]
	[1, 0, 0, 2, 0, 0]
	[0, 1, 1, 1, 0, 0]
	[0, 0, 0, 0, 2, 0]
	[0, 0, 0, 0, 0, 2]

(132)  11 ≥ 
	[3, 1, 1, 0, 0, 0]
	[2, 0, 0, 2, 1, 0]
	[0, 3, 0, 0, 1, 0]
	[0, 1, 1, 3, 0, 0]
	[0, 0, 1, 0, 3, 0]
	[0, 0, 0, 0, 0, 3]

(133)  14 ≥ 
	[4, 2, 0, 0, 0, 0]
	[3, 0, 3, 1, 1, 0]
	[2, 2, 2, 2, 2, 0]
	[0, 2, 4, 0, 0, 0]
	[0, 0, 0, 4, 0, 0]
	[0, 0, 0, 0, 2, 2]

(134)  8 ≥ 
	[2, 1, 1, 0, 0, 0]
	[2, 0, 0, 1, 0, 0]
	[1, 2, 0, 0, 1, 0]
	[0, 2, 1, 1, 0, 0]
	[0, 0, 1, 0, 2, 0]
	[0, 0, 0, 0, 0, 2]

(135)  7 ≥ 
	[2, 1, 0, 0, 0, 0]
	[1, 1, 1, 1, 1, 0]
	[1, 0, 1, 0, 0, 1]
	[0, 2, 1, 0, 0, 0]
	[0, 0, 0, 2, 0, 0]
	[0, 0, 0, 0, 2, 0]

(136)  6 ≥ 
	[2, 0, 0, 0, 0, 0]
	[1, 1, 1, 1, 0, 0]
	[1, 1, 1, 0, 1, 0]
	[0, 2, 0, 0, 0, 0]
	[0, 0, 1, 0, 0, 1]
	[0, 0, 0, 1, 1, 0]

(137)  5 ≥ 
	[1, 1, 1, 0, 0, 0]
	[1, 1, 0, 1, 0, 0]
	[1, 0, 1, 1, 0, 0]
	[0, 1, 1, 1, 0, 0]
	[0, 0, 0, 0, 1, 0]
	[0, 0, 0, 0, 0, 1]

(138)  5 ≥ 
	[1, 1, 1, 0, 0, 0]
	[1, 1, 0, 1, 0, 0]
	[1, 0, 0, 0, 1, 0]
	[0, 1, 0, 0, 1, 0]
	[0, 0, 1, 1, 0, 0]
	[0, 0, 0, 0, 0, 1]

(139)  6 ≥ 
	[2, 0, 0, 0, 0, 0]
	[2, 0, 0, 0, 0, 0]
	[1, 1, 1, 1, 0, 0]
	[0, 2, 0, 0, 0, 0]
	[0, 0, 2, 0, 0, 0]
	[0, 0, 0, 1, 1, 0]

(140)  10 ≥ 
	[3, 1, 0, 0, 0, 0]
	[2, 0, 2, 1, 1, 0]
	[1, 2, 1, 1, 1, 0]
	[0, 1, 3, 0, 0, 0]
	[0, 0, 0, 3, 0, 0]
	[0, 0, 0, 0, 3, 0]

(141)  14 ≥ 
	[4, 0, 0, 0, 0, 0]
	[2, 2, 2, 2, 2, 0]
	[1, 3, 2, 1, 0, 1]
	[0, 3, 0, 0, 3, 0]
	[0, 0, 3, 0, 2, 1]
	[0, 0, 0, 4, 0, 0]

(142)  8 ≥ 
	[2, 2, 0, 0, 0, 0]
	[2, 0, 2, 0, 0, 0]
	[1, 1, 1, 1, 0, 0]
	[0, 2, 2, 0, 0, 0]
	[0, 0, 0, 0, 2, 0]
	[0, 0, 0, 0, 0, 2]

(143)  10 ≥ 
	[3, 1, 0, 0, 0, 0]
	[2, 0, 1, 1, 1, 1]
	[1, 1, 2, 1, 1, 0]
	[0, 2, 1, 0, 0, 1]
	[0, 0, 0, 3, 0, 0]
	[0, 0, 0, 0, 3, 0]

(144)  8 ≥ 
	[2, 1, 1, 0, 0, 0]
	[2, 0, 0, 1, 1, 0]
	[1, 1, 0, 2, 0, 0]
	[0, 2, 0, 0, 1, 0]
	[0, 0, 2, 1, 0, 0]
	[0, 0, 0, 0, 0, 2]

(145)  7 ≥ 
	[2, 1, 0, 0, 0, 0]
	[2, 0, 1, 0, 0, 0]
	[1, 0, 0, 1, 1, 1]
	[0, 1, 1, 1, 0, 0]
	[0, 0, 0, 0, 2, 0]
	[0, 0, 0, 0, 0, 2]

(146)  6 ≥ 
	[2, 0, 0, 0, 0, 0]
	[1, 1, 1, 1, 0, 0]
	[1, 1, 1, 0, 1, 0]
	[0, 2, 0, 0, 0, 0]
	[0, 0, 2, 0, 0, 0]
	[0, 0, 0, 1, 1, 0]

(147)  7 ≥ 
	[2, 1, 0, 0, 0, 0]
	[2, 0, 1, 0, 0, 0]
	[1, 1, 1, 1, 1, 0]
	[0, 1, 1, 0, 0, 1]
	[0, 0, 0, 2, 0, 0]
	[0, 0, 0, 0, 2, 0]

(148)  11 ≥ 
	[3, 1, 0, 0, 0, 0]
	[1, 2, 2, 1, 1, 0]
	[1, 0, 2, 0, 0, 2]
	[0, 2, 0, 1, 0, 2]
	[0, 0, 1, 3, 0, 0]
	[0, 0, 0, 0, 3, 0]

(149)  15 ≥ 
	[4, 2, 1, 0, 0, 0]
	[3, 0, 0, 3, 1, 0]
	[1, 2, 0, 1, 3, 0]
	[0, 3, 1, 3, 0, 0]
	[0, 0, 4, 0, 1, 0]
	[0, 0, 0, 0, 0, 4]

(150)  14 ≥ 
	[4, 2, 0, 0, 0, 0]
	[3, 0, 3, 1, 1, 0]
	[2, 2, 2, 2, 1, 1]
	[0, 3, 3, 0, 0, 0]
	[0, 0, 0, 4, 0, 0]
	[0, 0, 0, 0, 1, 3]

(151)  10 ≥ 
	[2, 2, 1, 0, 0, 0]
	[2, 0, 0, 2, 1, 0]
	[1, 0, 2, 0, 2, 0]
	[0, 2, 0, 1, 2, 0]
	[0, 1, 2, 2, 0, 0]
	[0, 0, 0, 0, 0, 2]

(152)  11 ≥ 
	[3, 1, 1, 0, 0, 0]
	[2, 2, 0, 2, 1, 0]
	[2, 0, 0, 1, 0, 2]
	[0, 3, 0, 0, 0, 1]
	[0, 0, 1, 3, 0, 0]
	[0, 0, 0, 0, 3, 0]

(153)  11 ≥ 
	[3, 2, 0, 0, 0, 0]
	[2, 1, 1, 1, 1, 1]
	[2, 0, 3, 0, 0, 0]
	[0, 2, 2, 1, 0, 0]
	[0, 0, 0, 0, 3, 0]
	[0, 0, 0, 0, 0, 3]

(154)  15 ≥ 
	[4, 2, 1, 0, 0, 0]
	[3, 0, 0, 3, 1, 0]
	[1, 4, 0, 1, 1, 0]
	[0, 2, 2, 3, 0, 0]
	[0, 0, 1, 0, 4, 0]
	[0, 0, 0, 0, 0, 4]

(155)  11 ≥ 
	[3, 1, 0, 0, 0, 0]
	[2, 0, 2, 2, 1, 0]
	[1, 0, 2, 0, 0, 2]
	[0, 2, 2, 1, 0, 0]
	[0, 0, 0, 3, 0, 1]
	[0, 0, 0, 0, 3, 0]

(156)  7 ≥ 
	[2, 1, 0, 0, 0, 0]
	[1, 0, 1, 1, 0, 0]
	[0, 1, 2, 0, 0, 0]
	[0, 1, 0, 1, 1, 0]
	[0, 0, 0, 0, 2, 0]
	[0, 0, 0, 0, 0, 2]

(157)  7 ≥ 
	[2, 1, 0, 0, 0, 0]
	[2, 0, 1, 0, 0, 0]
	[1, 1, 1, 1, 1, 0]
	[0, 2, 1, 0, 0, 0]
	[0, 0, 0, 2, 0, 0]
	[0, 0, 0, 0, 1, 1]

(158)  16 ≥ 
	[4, 2, 2, 0, 0, 0]
	[4, 0, 0, 2, 2, 0]
	[3, 3, 0, 3, 0, 1]
	[0, 3, 0, 0, 3, 0]
	[0, 0, 2, 4, 0, 0]
	[0, 0, 0, 0, 0, 4]

(159)  14 ≥ 
	[4, 2, 0, 0, 0, 0]
	[3, 0, 3, 1, 1, 0]
	[2, 2, 2, 2, 2, 0]
	[0, 2, 4, 0, 0, 0]
	[0, 0, 0, 4, 0, 0]
	[0, 0, 0, 0, 4, 0]

(160)  12 ≥ 
	[3, 2, 1, 0, 0, 0]
	[3, 0, 0, 2, 1, 0]
	[2, 2, 0, 1, 2, 1]
	[0, 3, 0, 2, 0, 0]
	[0, 0, 1, 0, 3, 0]
	[0, 0, 0, 0, 0, 3]

(161)  11 ≥ 
	[3, 1, 1, 0, 0, 0]
	[2, 0, 0, 2, 1, 0]
	[1, 3, 0, 0, 1, 0]
	[0, 2, 1, 2, 0, 0]
	[0, 0, 1, 0, 3, 0]
	[0, 0, 0, 0, 0, 3]

(162)  10 ≥ 
	[3, 1, 0, 0, 0, 0]
	[2, 0, 2, 1, 1, 0]
	[1, 1, 1, 1, 1, 1]
	[0, 1, 3, 0, 0, 0]
	[0, 0, 0, 3, 0, 0]
	[0, 0, 0, 0, 3, 0]

(163)  3 ≥ 
	[1, 0, 0, 0, 0, 0]
	[1, 0, 0, 0, 0, 0]
	[0, 1, 0, 0, 0, 0]
	[0, 0, 1, 0, 0, 0]
	[0, 0, 0, 1, 0, 0]
	[0, 0, 0, 0, 1, 0]

