(1)  6 ≥ 
	[2, 0, 0, 0, 0, 0]
	[1, 1, 1, 1, 0, 0]
	[0, 2, 0, 0, 0, 0]
	[0, 0, 2, 0, 0, 0]
	[0, 0, 0, 1, 1, 0]

(2)  6 ≥ 
	[2, 0, 0, 0, 0, 0]
	[1, 1, 1, 1, 0, 0]
	[0, 2, 0, 0, 0, 0]
	[0, 0, 1, 0, 1, 0]
	[0, 0, 0, 1, 0, 1]

(3)  3 ≥ 
	[1, 0, 0, 0, 0, 0]
	[1, 0, 0, 0, 0, 0]
	[0, 1, 0, 0, 0, 0]
	[0, 0, 1, 0, 0, 0]
	[0, 0, 0, 1, 0, 0]

(4)  3 ≥ 
	[1, 0, 0, 0, 0, 0]
	[0, 1, 0, 0, 0, 0]
	[0, 0, 1, 0, 0, 0]
	[0, 0, 0, 1, 0, 0]
	[0, 0, 0, 0, 1, 0]

(5)  1 ≥ 
	[1, 0, 0, 0, 0, 0]
	[1, 0, 0, 0, 0, 0]
	[1, 0, 0, 0, 0, 0]
	[1, 0, 0, 0, 0, 0]
	[0, 0, 0, 0, 0, 0]

(6)  4 ≥ 
	[1, 1, 0, 0, 0, 0]
	[1, 0, 1, 0, 0, 0]
	[0, 1, 1, 0, 0, 0]
	[0, 0, 0, 1, 0, 0]
	[0, 0, 0, 0, 1, 0]

(7)  6 ≥ 
	[2, 0, 0, 0, 0, 0]
	[1, 1, 1, 1, 0, 0]
	[0, 2, 0, 0, 0, 0]
	[0, 0, 2, 0, 0, 0]
	[0, 0, 0, 2, 0, 0]

