(1)  8 ≥ 
	[2, 0, 0, 0, 0, 0]
	[1, 1, 1, 1, 1, 0]
	[1, 1, 1, 1, 1, 0]
	[0, 2, 0, 0, 0, 0]
	[0, 0, 2, 0, 0, 0]
	[0, 0, 0, 2, 0, 0]
	[0, 0, 0, 0, 1, 1]

(2)  5 ≥ 
	[1, 1, 0, 0, 0, 0]
	[1, 1, 0, 0, 0, 0]
	[1, 0, 1, 0, 0, 0]
	[0, 1, 1, 0, 0, 0]
	[0, 0, 0, 1, 0, 0]
	[0, 0, 0, 0, 1, 0]
	[0, 0, 0, 0, 0, 1]

(3)  16 ≥ 
	[4, 0, 0, 0, 0, 0]
	[2, 2, 2, 2, 2, 0]
	[1, 1, 1, 1, 1, 2]
	[0, 4, 0, 0, 0, 0]
	[0, 0, 4, 0, 0, 0]
	[0, 0, 0, 4, 0, 0]
	[0, 0, 0, 0, 4, 0]

(4)  10 ≥ 
	[2, 2, 0, 0, 0, 0]
	[2, 0, 2, 0, 0, 0]
	[1, 1, 1, 1, 1, 1]
	[0, 2, 2, 0, 0, 0]
	[0, 0, 0, 2, 0, 0]
	[0, 0, 0, 0, 2, 0]
	[0, 0, 0, 0, 0, 2]

(5)  4 ≥ 
	[1, 0, 0, 0, 0, 0]
	[1, 0, 0, 0, 0, 0]
	[1, 0, 0, 0, 0, 0]
	[0, 1, 0, 0, 0, 0]
	[0, 0, 1, 0, 0, 0]
	[0, 0, 0, 1, 0, 0]
	[0, 0, 0, 0, 1, 0]

(6)  8 ≥ 
	[2, 0, 0, 0, 0, 0]
	[2, 0, 0, 0, 0, 0]
	[1, 1, 1, 1, 1, 0]
	[0, 2, 0, 0, 0, 0]
	[0, 0, 2, 0, 0, 0]
	[0, 0, 0, 2, 0, 0]
	[0, 0, 0, 0, 1, 1]

(7)  8 ≥ 
	[2, 0, 0, 0, 0, 0]
	[1, 1, 1, 1, 1, 0]
	[1, 0, 0, 0, 0, 1]
	[0, 2, 0, 0, 0, 0]
	[0, 0, 2, 0, 0, 0]
	[0, 0, 0, 2, 0, 0]
	[0, 0, 0, 0, 2, 0]

(8)  8 ≥ 
	[2, 0, 0, 0, 0, 0]
	[1, 1, 1, 1, 1, 0]
	[1, 1, 1, 1, 1, 0]
	[0, 2, 0, 0, 0, 0]
	[0, 0, 2, 0, 0, 0]
	[0, 0, 0, 2, 0, 0]
	[0, 0, 0, 0, 2, 0]

(9)  8 ≥ 
	[2, 0, 0, 0, 0, 0]
	[1, 1, 1, 1, 1, 0]
	[1, 1, 1, 1, 0, 1]
	[0, 2, 0, 0, 0, 0]
	[0, 0, 2, 0, 0, 0]
	[0, 0, 0, 2, 0, 0]
	[0, 0, 0, 0, 1, 1]

(10)  9 ≥ 
	[2, 1, 0, 0, 0, 0]
	[1, 1, 1, 1, 1, 1]
	[1, 0, 2, 0, 0, 0]
	[0, 2, 1, 0, 0, 0]
	[0, 0, 0, 2, 0, 0]
	[0, 0, 0, 0, 2, 0]
	[0, 0, 0, 0, 0, 2]

(11)  8 ≥ 
	[2, 0, 0, 0, 0, 0]
	[2, 0, 0, 0, 0, 0]
	[1, 1, 1, 1, 1, 0]
	[0, 2, 0, 0, 0, 0]
	[0, 0, 2, 0, 0, 0]
	[0, 0, 0, 2, 0, 0]
	[0, 0, 0, 0, 2, 0]

(12)  16 ≥ 
	[4, 0, 0, 0, 0, 0]
	[2, 2, 2, 2, 1, 1]
	[1, 1, 1, 1, 3, 0]
	[0, 4, 0, 0, 0, 0]
	[0, 0, 4, 0, 0, 0]
	[0, 0, 0, 4, 0, 0]
	[0, 0, 0, 0, 1, 3]

(13)  13 ≥ 
	[3, 1, 0, 0, 0, 0]
	[2, 0, 2, 1, 1, 1]
	[1, 2, 1, 1, 1, 1]
	[0, 1, 3, 0, 0, 0]
	[0, 0, 0, 3, 0, 0]
	[0, 0, 0, 0, 3, 0]
	[0, 0, 0, 0, 0, 3]

(14)  18 ≥ 
	[4, 2, 0, 0, 0, 0]
	[3, 0, 3, 1, 1, 1]
	[2, 2, 2, 2, 2, 2]
	[0, 3, 3, 0, 0, 0]
	[0, 0, 0, 4, 0, 0]
	[0, 0, 0, 0, 4, 0]
	[0, 0, 0, 0, 0, 4]

(15)  12 ≥ 
	[3, 0, 0, 0, 0, 0]
	[1, 1, 1, 1, 1, 1]
	[0, 3, 0, 0, 0, 0]
	[0, 0, 3, 0, 0, 0]
	[0, 0, 0, 3, 0, 0]
	[0, 0, 0, 0, 3, 0]
	[0, 0, 0, 0, 0, 3]

(16)  1 ≥ 
	[1, 0, 0, 0, 0, 0]
	[1, 0, 0, 0, 0, 0]
	[1, 0, 0, 0, 0, 0]
	[1, 0, 0, 0, 0, 0]
	[1, 0, 0, 0, 0, 0]
	[1, 0, 0, 0, 0, 0]
	[0, 0, 0, 0, 0, 0]

(17)  4 ≥ 
	[1, 0, 0, 0, 0, 0]
	[1, 0, 0, 0, 0, 0]
	[0, 1, 0, 0, 0, 0]
	[0, 0, 1, 0, 0, 0]
	[0, 0, 0, 1, 0, 0]
	[0, 0, 0, 0, 1, 0]
	[0, 0, 0, 0, 0, 1]

(18)  9 ≥ 
	[2, 1, 0, 0, 0, 0]
	[2, 0, 1, 0, 0, 0]
	[1, 1, 1, 1, 1, 1]
	[0, 2, 1, 0, 0, 0]
	[0, 0, 0, 2, 0, 0]
	[0, 0, 0, 0, 2, 0]
	[0, 0, 0, 0, 0, 2]

(19)  4 ≥ 
	[1, 0, 0, 0, 0, 0]
	[1, 0, 0, 0, 0, 0]
	[0, 1, 0, 0, 0, 0]
	[0, 1, 0, 0, 0, 0]
	[0, 0, 1, 0, 0, 0]
	[0, 0, 0, 1, 0, 0]
	[0, 0, 0, 0, 1, 0]

(20)  18 ≥ 
	[4, 2, 0, 0, 0, 0]
	[3, 0, 3, 1, 1, 1]
	[2, 2, 2, 2, 2, 2]
	[0, 2, 4, 0, 0, 0]
	[0, 0, 0, 4, 0, 0]
	[0, 0, 0, 0, 4, 0]
	[0, 0, 0, 0, 0, 4]

(21)  15 ≥ 
	[3, 3, 0, 0, 0, 0]
	[3, 0, 3, 0, 0, 0]
	[2, 2, 2, 1, 1, 1]
	[0, 3, 3, 0, 0, 0]
	[0, 0, 0, 3, 0, 0]
	[0, 0, 0, 0, 3, 0]
	[0, 0, 0, 0, 0, 3]

