(1)  5 ≥ 
	[2, 1, 0, 0, 0, 0, 0]
	[2, 0, 1, 0, 0, 0, 0]
	[1, 1, 1, 1, 0, 0, 0]
	[0, 1, 1, 0, 1, 0, 0]
	[0, 0, 0, 1, 0, 1, 0]

(2)  4 ≥ 
	[2, 0, 0, 0, 0, 0, 0]
	[2, 0, 0, 0, 0, 0, 0]
	[1, 1, 1, 0, 0, 0, 0]
	[0, 2, 0, 0, 0, 0, 0]
	[0, 0, 2, 0, 0, 0, 0]

(3)  3 ≥ 
	[1, 1, 0, 0, 0, 0, 0]
	[1, 1, 0, 0, 0, 0, 0]
	[1, 0, 1, 0, 0, 0, 0]
	[0, 1, 1, 0, 0, 0, 0]
	[0, 0, 0, 1, 0, 0, 0]

(4)  4 ≥ 
	[1, 1, 1, 0, 0, 0, 0]
	[1, 1, 0, 1, 0, 0, 0]
	[1, 0, 1, 1, 0, 0, 0]
	[0, 1, 1, 1, 0, 0, 0]
	[0, 0, 0, 0, 1, 0, 0]

(5)  2 ≥ 
	[1, 0, 0, 0, 0, 0, 0]
	[1, 0, 0, 0, 0, 0, 0]
	[1, 0, 0, 0, 0, 0, 0]
	[0, 1, 0, 0, 0, 0, 0]
	[0, 0, 1, 0, 0, 0, 0]

(6)  4 ≥ 
	[2, 0, 0, 0, 0, 0, 0]
	[2, 0, 0, 0, 0, 0, 0]
	[1, 1, 1, 0, 0, 0, 0]
	[0, 2, 0, 0, 0, 0, 0]
	[0, 0, 1, 1, 0, 0, 0]

(7)  4 ≥ 
	[2, 0, 0, 0, 0, 0, 0]
	[2, 0, 0, 0, 0, 0, 0]
	[1, 1, 1, 0, 0, 0, 0]
	[0, 1, 0, 1, 0, 0, 0]
	[0, 0, 1, 0, 1, 0, 0]

(8)  4 ≥ 
	[2, 0, 0, 0, 0, 0, 0]
	[1, 1, 1, 0, 0, 0, 0]
	[1, 1, 1, 0, 0, 0, 0]
	[0, 1, 0, 1, 0, 0, 0]
	[0, 0, 1, 0, 1, 0, 0]

(9)  4 ≥ 
	[2, 0, 0, 0, 0, 0, 0]
	[1, 1, 1, 0, 0, 0, 0]
	[1, 1, 0, 1, 0, 0, 0]
	[0, 1, 0, 0, 1, 0, 0]
	[0, 0, 1, 1, 0, 0, 0]

(10)  5 ≥ 
	[2, 1, 0, 0, 0, 0, 0]
	[2, 0, 1, 0, 0, 0, 0]
	[2, 0, 0, 1, 0, 0, 0]
	[0, 1, 1, 1, 0, 0, 0]
	[0, 0, 0, 0, 2, 0, 0]

(11)  4 ≥ 
	[2, 0, 0, 0, 0, 0, 0]
	[1, 1, 1, 0, 0, 0, 0]
	[1, 1, 1, 0, 0, 0, 0]
	[0, 2, 0, 0, 0, 0, 0]
	[0, 0, 1, 1, 0, 0, 0]

(12)  1 ≥ 
	[1, 0, 0, 0, 0, 0, 0]
	[1, 0, 0, 0, 0, 0, 0]
	[1, 0, 0, 0, 0, 0, 0]
	[1, 0, 0, 0, 0, 0, 0]
	[0, 0, 0, 0, 0, 0, 0]

(13)  2 ≥ 
	[1, 0, 0, 0, 0, 0, 0]
	[1, 0, 0, 0, 0, 0, 0]
	[0, 1, 0, 0, 0, 0, 0]
	[0, 0, 1, 0, 0, 0, 0]
	[0, 0, 0, 1, 0, 0, 0]

(14)  5 ≥ 
	[2, 1, 0, 0, 0, 0, 0]
	[2, 0, 1, 0, 0, 0, 0]
	[1, 1, 1, 1, 0, 0, 0]
	[0, 1, 1, 0, 1, 0, 0]
	[0, 0, 0, 2, 0, 0, 0]

