(1)  6 ≥ 
	[2, 0, 0, 0, 0, 0, 0]
	[1, 1, 1, 1, 0, 0, 0]
	[0, 2, 0, 0, 0, 0, 0]
	[0, 0, 2, 0, 0, 0, 0]
	[0, 0, 0, 1, 1, 0, 0]

(2)  6 ≥ 
	[1, 1, 1, 0, 0, 0, 0]
	[1, 0, 0, 1, 1, 0, 0]
	[0, 1, 0, 1, 0, 1, 0]
	[0, 0, 1, 0, 1, 1, 0]
	[0, 0, 0, 0, 0, 0, 1]

(3)  6 ≥ 
	[2, 0, 0, 0, 0, 0, 0]
	[1, 1, 1, 1, 0, 0, 0]
	[0, 2, 0, 0, 0, 0, 0]
	[0, 0, 2, 0, 0, 0, 0]
	[0, 0, 0, 2, 0, 0, 0]

(4)  9 ≥ 
	[2, 1, 1, 1, 0, 0, 0]
	[2, 0, 0, 0, 1, 1, 1]
	[0, 2, 0, 0, 1, 0, 0]
	[0, 0, 2, 0, 0, 1, 0]
	[0, 0, 0, 1, 0, 0, 2]

(5)  6 ≥ 
	[2, 0, 0, 0, 0, 0, 0]
	[1, 1, 1, 1, 0, 0, 0]
	[0, 1, 0, 0, 1, 0, 0]
	[0, 0, 1, 0, 0, 1, 0]
	[0, 0, 0, 1, 0, 0, 1]

(6)  6 ≥ 
	[2, 0, 0, 0, 0, 0, 0]
	[1, 1, 1, 1, 0, 0, 0]
	[0, 2, 0, 0, 0, 0, 0]
	[0, 0, 1, 0, 1, 0, 0]
	[0, 0, 0, 1, 0, 1, 0]

(7)  9 ≥ 
	[2, 1, 1, 1, 0, 0, 0]
	[2, 0, 0, 0, 1, 1, 1]
	[0, 2, 0, 0, 1, 0, 0]
	[0, 0, 2, 0, 0, 1, 0]
	[0, 0, 0, 2, 0, 0, 1]

(8)  4 ≥ 
	[1, 1, 0, 0, 0, 0, 0]
	[1, 0, 1, 0, 0, 0, 0]
	[0, 1, 1, 0, 0, 0, 0]
	[0, 0, 0, 1, 0, 0, 0]
	[0, 0, 0, 0, 1, 0, 0]

(9)  1 ≥ 
	[1, 0, 0, 0, 0, 0, 0]
	[1, 0, 0, 0, 0, 0, 0]
	[1, 0, 0, 0, 0, 0, 0]
	[1, 0, 0, 0, 0, 0, 0]
	[0, 0, 0, 0, 0, 0, 0]

(10)  3 ≥ 
	[1, 0, 0, 0, 0, 0, 0]
	[1, 0, 0, 0, 0, 0, 0]
	[0, 1, 0, 0, 0, 0, 0]
	[0, 0, 1, 0, 0, 0, 0]
	[0, 0, 0, 1, 0, 0, 0]

(11)  3 ≥ 
	[1, 0, 0, 0, 0, 0, 0]
	[0, 1, 0, 0, 0, 0, 0]
	[0, 0, 1, 0, 0, 0, 0]
	[0, 0, 0, 1, 0, 0, 0]
	[0, 0, 0, 0, 1, 0, 0]

(12)  9 ≥ 
	[2, 1, 1, 1, 0, 0, 0]
	[2, 0, 0, 0, 1, 1, 1]
	[0, 2, 0, 0, 1, 0, 0]
	[0, 0, 1, 0, 0, 2, 0]
	[0, 0, 0, 1, 0, 0, 2]

