(1)  8 ≥ 
	[2, 0, 0, 0, 0, 0, 0]
	[1, 1, 1, 1, 1, 0, 0]
	[0, 2, 0, 0, 0, 0, 0]
	[0, 0, 2, 0, 0, 0, 0]
	[0, 0, 0, 2, 0, 0, 0]
	[0, 0, 0, 0, 1, 1, 0]

(2)  1 ≥ 
	[1, 0, 0, 0, 0, 0, 0]
	[1, 0, 0, 0, 0, 0, 0]
	[1, 0, 0, 0, 0, 0, 0]
	[1, 0, 0, 0, 0, 0, 0]
	[1, 0, 0, 0, 0, 0, 0]
	[0, 0, 0, 0, 0, 0, 0]

(3)  8 ≥ 
	[2, 0, 0, 0, 0, 0, 0]
	[1, 1, 1, 1, 1, 0, 0]
	[0, 2, 0, 0, 0, 0, 0]
	[0, 0, 2, 0, 0, 0, 0]
	[0, 0, 0, 2, 0, 0, 0]
	[0, 0, 0, 0, 2, 0, 0]

(4)  4 ≥ 
	[1, 0, 0, 0, 0, 0, 0]
	[0, 1, 0, 0, 0, 0, 0]
	[0, 0, 1, 0, 0, 0, 0]
	[0, 0, 0, 1, 0, 0, 0]
	[0, 0, 0, 0, 1, 0, 0]
	[0, 0, 0, 0, 0, 1, 0]

(5)  8 ≥ 
	[2, 0, 0, 0, 0, 0, 0]
	[1, 1, 1, 1, 1, 0, 0]
	[0, 2, 0, 0, 0, 0, 0]
	[0, 0, 2, 0, 0, 0, 0]
	[0, 0, 0, 1, 0, 1, 0]
	[0, 0, 0, 0, 1, 0, 1]

(6)  5 ≥ 
	[1, 1, 0, 0, 0, 0, 0]
	[1, 0, 1, 0, 0, 0, 0]
	[0, 1, 1, 0, 0, 0, 0]
	[0, 0, 0, 1, 0, 0, 0]
	[0, 0, 0, 0, 1, 0, 0]
	[0, 0, 0, 0, 0, 1, 0]

(7)  4 ≥ 
	[1, 0, 0, 0, 0, 0, 0]
	[1, 0, 0, 0, 0, 0, 0]
	[0, 1, 0, 0, 0, 0, 0]
	[0, 0, 1, 0, 0, 0, 0]
	[0, 0, 0, 1, 0, 0, 0]
	[0, 0, 0, 0, 1, 0, 0]

