(1)  8 ≥ 
	[2, 0, 0, 0, 0, 0, 0]
	[1, 1, 1, 1, 1, 0, 0]
	[1, 1, 1, 1, 0, 1, 0]
	[0, 2, 0, 0, 0, 0, 0]
	[0, 0, 2, 0, 0, 0, 0]
	[0, 0, 0, 1, 0, 0, 1]
	[0, 0, 0, 0, 1, 1, 0]

(2)  8 ≥ 
	[2, 0, 0, 0, 0, 0, 0]
	[1, 1, 1, 1, 1, 0, 0]
	[1, 1, 1, 1, 1, 0, 0]
	[0, 2, 0, 0, 0, 0, 0]
	[0, 0, 2, 0, 0, 0, 0]
	[0, 0, 0, 1, 0, 1, 0]
	[0, 0, 0, 0, 1, 0, 1]

(3)  8 ≥ 
	[2, 0, 0, 0, 0, 0, 0]
	[2, 0, 0, 0, 0, 0, 0]
	[1, 1, 1, 1, 1, 0, 0]
	[0, 2, 0, 0, 0, 0, 0]
	[0, 0, 2, 0, 0, 0, 0]
	[0, 0, 0, 1, 0, 1, 0]
	[0, 0, 0, 0, 1, 0, 1]

(4)  9 ≥ 
	[2, 1, 0, 0, 0, 0, 0]
	[2, 0, 1, 0, 0, 0, 0]
	[1, 1, 1, 1, 1, 1, 0]
	[0, 1, 1, 0, 0, 0, 1]
	[0, 0, 0, 2, 0, 0, 0]
	[0, 0, 0, 0, 2, 0, 0]
	[0, 0, 0, 0, 0, 2, 0]

(5)  9 ≥ 
	[2, 1, 0, 0, 0, 0, 0]
	[2, 0, 1, 0, 0, 0, 0]
	[2, 0, 0, 1, 0, 0, 0]
	[0, 1, 1, 1, 0, 0, 0]
	[0, 0, 0, 0, 2, 0, 0]
	[0, 0, 0, 0, 0, 2, 0]
	[0, 0, 0, 0, 0, 0, 2]

(6)  8 ≥ 
	[2, 0, 0, 0, 0, 0, 0]
	[2, 0, 0, 0, 0, 0, 0]
	[1, 1, 1, 1, 1, 0, 0]
	[0, 2, 0, 0, 0, 0, 0]
	[0, 0, 2, 0, 0, 0, 0]
	[0, 0, 0, 2, 0, 0, 0]
	[0, 0, 0, 0, 2, 0, 0]

(7)  5 ≥ 
	[1, 1, 0, 0, 0, 0, 0]
	[1, 1, 0, 0, 0, 0, 0]
	[1, 0, 1, 0, 0, 0, 0]
	[0, 1, 1, 0, 0, 0, 0]
	[0, 0, 0, 1, 0, 0, 0]
	[0, 0, 0, 0, 1, 0, 0]
	[0, 0, 0, 0, 0, 1, 0]

(8)  1 ≥ 
	[1, 0, 0, 0, 0, 0, 0]
	[1, 0, 0, 0, 0, 0, 0]
	[1, 0, 0, 0, 0, 0, 0]
	[1, 0, 0, 0, 0, 0, 0]
	[1, 0, 0, 0, 0, 0, 0]
	[1, 0, 0, 0, 0, 0, 0]
	[0, 0, 0, 0, 0, 0, 0]

(9)  8 ≥ 
	[2, 0, 0, 0, 0, 0, 0]
	[2, 0, 0, 0, 0, 0, 0]
	[1, 1, 1, 1, 1, 0, 0]
	[0, 2, 0, 0, 0, 0, 0]
	[0, 0, 2, 0, 0, 0, 0]
	[0, 0, 0, 2, 0, 0, 0]
	[0, 0, 0, 0, 1, 1, 0]

(10)  8 ≥ 
	[2, 0, 0, 0, 0, 0, 0]
	[1, 1, 1, 1, 1, 0, 0]
	[1, 1, 1, 1, 1, 0, 0]
	[0, 2, 0, 0, 0, 0, 0]
	[0, 0, 2, 0, 0, 0, 0]
	[0, 0, 0, 2, 0, 0, 0]
	[0, 0, 0, 0, 1, 1, 0]

(11)  4 ≥ 
	[1, 0, 0, 0, 0, 0, 0]
	[1, 0, 0, 0, 0, 0, 0]
	[1, 0, 0, 0, 0, 0, 0]
	[0, 1, 0, 0, 0, 0, 0]
	[0, 0, 1, 0, 0, 0, 0]
	[0, 0, 0, 1, 0, 0, 0]
	[0, 0, 0, 0, 1, 0, 0]

(12)  4 ≥ 
	[1, 0, 0, 0, 0, 0, 0]
	[1, 0, 0, 0, 0, 0, 0]
	[0, 1, 0, 0, 0, 0, 0]
	[0, 0, 1, 0, 0, 0, 0]
	[0, 0, 0, 1, 0, 0, 0]
	[0, 0, 0, 0, 1, 0, 0]
	[0, 0, 0, 0, 0, 1, 0]

