(1)  1 ≥ 
	[1, 0, 0, 0, 0, 0, 0]
	[1, 0, 0, 0, 0, 0, 0]
	[1, 0, 0, 0, 0, 0, 0]
	[1, 0, 0, 0, 0, 0, 0]
	[1, 0, 0, 0, 0, 0, 0]
	[1, 0, 0, 0, 0, 0, 0]
	[0, 0, 0, 0, 0, 0, 0]

(2)  5 ≥ 
	[1, 0, 0, 0, 0, 0, 0]
	[0, 1, 0, 0, 0, 0, 0]
	[0, 0, 1, 0, 0, 0, 0]
	[0, 0, 0, 1, 0, 0, 0]
	[0, 0, 0, 0, 1, 0, 0]
	[0, 0, 0, 0, 0, 1, 0]
	[0, 0, 0, 0, 0, 0, 1]

(3)  10 ≥ 
	[2, 0, 0, 0, 0, 0, 0]
	[1, 1, 1, 1, 1, 1, 0]
	[0, 2, 0, 0, 0, 0, 0]
	[0, 0, 2, 0, 0, 0, 0]
	[0, 0, 0, 2, 0, 0, 0]
	[0, 0, 0, 0, 2, 0, 0]
	[0, 0, 0, 0, 0, 1, 1]

(4)  6 ≥ 
	[1, 1, 0, 0, 0, 0, 0]
	[1, 0, 1, 0, 0, 0, 0]
	[0, 1, 1, 0, 0, 0, 0]
	[0, 0, 0, 1, 0, 0, 0]
	[0, 0, 0, 0, 1, 0, 0]
	[0, 0, 0, 0, 0, 1, 0]
	[0, 0, 0, 0, 0, 0, 1]

(5)  5 ≥ 
	[1, 0, 0, 0, 0, 0, 0]
	[1, 0, 0, 0, 0, 0, 0]
	[0, 1, 0, 0, 0, 0, 0]
	[0, 0, 1, 0, 0, 0, 0]
	[0, 0, 0, 1, 0, 0, 0]
	[0, 0, 0, 0, 1, 0, 0]
	[0, 0, 0, 0, 0, 1, 0]

(6)  10 ≥ 
	[2, 0, 0, 0, 0, 0, 0]
	[1, 1, 1, 1, 1, 1, 0]
	[0, 2, 0, 0, 0, 0, 0]
	[0, 0, 2, 0, 0, 0, 0]
	[0, 0, 0, 2, 0, 0, 0]
	[0, 0, 0, 0, 2, 0, 0]
	[0, 0, 0, 0, 0, 2, 0]

