(1)  2 ≥ 
	[1, 0, 0, 0, 0, 0, 0, 0, 0]
	[1, 0, 0, 0, 0, 0, 0, 0, 0]
	[0, 1, 0, 0, 0, 0, 0, 0, 0]
	[0, 0, 1, 0, 0, 0, 0, 0, 0]

(2)  2 ≥ 
	[1, 0, 0, 0, 0, 0, 0, 0, 0]
	[0, 1, 0, 0, 0, 0, 0, 0, 0]
	[0, 0, 1, 0, 0, 0, 0, 0, 0]
	[0, 0, 0, 1, 0, 0, 0, 0, 0]

(3)  4 ≥ 
	[2, 0, 0, 0, 0, 0, 0, 0, 0]
	[1, 1, 1, 0, 0, 0, 0, 0, 0]
	[0, 2, 0, 0, 0, 0, 0, 0, 0]
	[0, 0, 2, 0, 0, 0, 0, 0, 0]

(4)  3 ≥ 
	[1, 1, 0, 0, 0, 0, 0, 0, 0]
	[1, 0, 1, 0, 0, 0, 0, 0, 0]
	[0, 1, 1, 0, 0, 0, 0, 0, 0]
	[0, 0, 0, 1, 0, 0, 0, 0, 0]

(5)  4 ≥ 
	[2, 0, 0, 0, 0, 0, 0, 0, 0]
	[1, 1, 1, 0, 0, 0, 0, 0, 0]
	[0, 2, 0, 0, 0, 0, 0, 0, 0]
	[0, 0, 1, 1, 0, 0, 0, 0, 0]

(6)  4 ≥ 
	[2, 0, 0, 0, 0, 0, 0, 0, 0]
	[1, 1, 1, 0, 0, 0, 0, 0, 0]
	[0, 1, 0, 1, 0, 0, 0, 0, 0]
	[0, 0, 1, 0, 1, 0, 0, 0, 0]

(7)  1 ≥ 
	[1, 0, 0, 0, 0, 0, 0, 0, 0]
	[1, 0, 0, 0, 0, 0, 0, 0, 0]
	[1, 0, 0, 0, 0, 0, 0, 0, 0]
	[0, 0, 0, 0, 0, 0, 0, 0, 0]

